"","lapse","alpha","beta","participant_id","trials","subs","X","resp","sessions"
"1",0.00051460004479293,-17.2026887718878,9.00461096706139,1,150,149,-0.5,0,1
"2",0.00051460004479293,-17.2026887718878,9.00461096706139,1,150,149,22.5,1,1
"3",0.00051460004479293,-17.2026887718878,9.00461096706139,1,150,149,10.5,1,1
"4",0.00051460004479293,-17.2026887718878,9.00461096706139,1,150,149,-1.5,1,1
"5",0.00051460004479293,-17.2026887718878,9.00461096706139,1,150,149,-13.5,1,1
"6",0.00051460004479293,-17.2026887718878,9.00461096706139,1,150,149,-23.5,0,1
"7",0.00051460004479293,-17.2026887718878,9.00461096706139,1,150,149,-15.5,1,1
"8",0.00051460004479293,-17.2026887718878,9.00461096706139,1,150,149,-24.5,1,1
"9",0.00051460004479293,-17.2026887718878,9.00461096706139,1,150,149,-29.5,0,1
"10",0.00051460004479293,-17.2026887718878,9.00461096706139,1,150,149,-18.5,1,1
"11",0.00051460004479293,-17.2026887718878,9.00461096706139,1,150,149,-31.5,0,1
"12",0.00051460004479293,-17.2026887718878,9.00461096706139,1,150,149,-16.5,0,1
"13",0.00051460004479293,-17.2026887718878,9.00461096706139,1,150,149,-12.5,1,1
"14",0.00051460004479293,-17.2026887718878,9.00461096706139,1,150,149,-31.5,0,1
"15",0.00051460004479293,-17.2026887718878,9.00461096706139,1,150,149,-10.5,1,1
"16",0.00051460004479293,-17.2026887718878,9.00461096706139,1,150,149,-31.5,0,1
"17",0.00051460004479293,-17.2026887718878,9.00461096706139,1,150,149,-10.5,0,1
"18",0.00051460004479293,-17.2026887718878,9.00461096706139,1,150,149,-5.5,1,1
"19",0.00051460004479293,-17.2026887718878,9.00461096706139,1,150,149,-30.5,0,1
"20",0.00051460004479293,-17.2026887718878,9.00461096706139,1,150,149,-4.5,0,1
"21",0.00051460004479293,-17.2026887718878,9.00461096706139,1,150,149,-1.5,0,1
"22",0.00051460004479293,-17.2026887718878,9.00461096706139,1,150,149,0.5,1,1
"23",0.00051460004479293,-17.2026887718878,9.00461096706139,1,150,149,0.5,1,1
"24",0.00051460004479293,-17.2026887718878,9.00461096706139,1,150,149,-27.5,0,1
"25",0.00051460004479293,-17.2026887718878,9.00461096706139,1,150,149,1.5,1,1
"26",0.00051460004479293,-17.2026887718878,9.00461096706139,1,150,149,-28.5,0,1
"27",0.00051460004479293,-17.2026887718878,9.00461096706139,1,150,149,1.5,1,1
"28",0.00051460004479293,-17.2026887718878,9.00461096706139,1,150,149,-28.5,0,1
"29",0.00051460004479293,-17.2026887718878,9.00461096706139,1,150,149,2.5,1,1
"30",0.00051460004479293,-17.2026887718878,9.00461096706139,1,150,149,-28.5,1,1
"31",0.00051460004479293,-17.2026887718878,9.00461096706139,1,150,149,-30.5,0,1
"32",0.00051460004479293,-17.2026887718878,9.00461096706139,1,150,149,-30.5,0,1
"33",0.00051460004479293,-17.2026887718878,9.00461096706139,1,150,149,1.5,1,1
"34",0.00051460004479293,-17.2026887718878,9.00461096706139,1,150,149,-30.5,0,1
"35",0.00051460004479293,-17.2026887718878,9.00461096706139,1,150,149,1.5,1,1
"36",0.00051460004479293,-17.2026887718878,9.00461096706139,1,150,149,-30.5,0,1
"37",0.00051460004479293,-17.2026887718878,9.00461096706139,1,150,149,1.5,1,1
"38",0.00051460004479293,-17.2026887718878,9.00461096706139,1,150,149,-30.5,0,1
"39",0.00051460004479293,-17.2026887718878,9.00461096706139,1,150,149,1.5,1,1
"40",0.00051460004479293,-17.2026887718878,9.00461096706139,1,150,149,-30.5,0,1
"41",0.00051460004479293,-17.2026887718878,9.00461096706139,1,150,149,1.5,0,1
"42",0.00051460004479293,-17.2026887718878,9.00461096706139,1,150,149,3.5,1,1
"43",0.00051460004479293,-17.2026887718878,9.00461096706139,1,150,149,-29.5,0,1
"44",0.00051460004479293,-17.2026887718878,9.00461096706139,1,150,149,3.5,1,1
"45",0.00051460004479293,-17.2026887718878,9.00461096706139,1,150,149,-29.5,1,1
"46",0.00051460004479293,-17.2026887718878,9.00461096706139,1,150,149,-31.5,0,1
"47",0.00051460004479293,-17.2026887718878,9.00461096706139,1,150,149,2.5,1,1
"48",0.00051460004479293,-17.2026887718878,9.00461096706139,1,150,149,-31.5,0,1
"49",0.00051460004479293,-17.2026887718878,9.00461096706139,1,150,149,2.5,1,1
"50",0.00051460004479293,-17.2026887718878,9.00461096706139,1,150,149,-31.5,0,1
"51",0.00051460004479293,-17.2026887718878,9.00461096706139,1,150,149,2.5,1,1
"52",0.00051460004479293,-17.2026887718878,9.00461096706139,1,150,149,-31.5,0,1
"53",0.00051460004479293,-17.2026887718878,9.00461096706139,1,150,149,2.5,1,1
"54",0.00051460004479293,-17.2026887718878,9.00461096706139,1,150,149,-30.5,0,1
"55",0.00051460004479293,-17.2026887718878,9.00461096706139,1,150,149,1.5,1,1
"56",0.00051460004479293,-17.2026887718878,9.00461096706139,1,150,149,-30.5,0,1
"57",0.00051460004479293,-17.2026887718878,9.00461096706139,1,150,149,1.5,1,1
"58",0.00051460004479293,-17.2026887718878,9.00461096706139,1,150,149,-30.5,0,1
"59",0.00051460004479293,-17.2026887718878,9.00461096706139,1,150,149,0.5,1,1
"60",0.00051460004479293,-17.2026887718878,9.00461096706139,1,150,149,0.5,1,1
"61",0.00051460004479293,-17.2026887718878,9.00461096706139,1,150,149,-29.5,0,1
"62",0.00051460004479293,-17.2026887718878,9.00461096706139,1,150,149,0.5,1,1
"63",0.00051460004479293,-17.2026887718878,9.00461096706139,1,150,149,-29.5,0,1
"64",0.00051460004479293,-17.2026887718878,9.00461096706139,1,150,149,-0.5,1,1
"65",0.00051460004479293,-17.2026887718878,9.00461096706139,1,150,149,-28.5,0,1
"66",0.00051460004479293,-17.2026887718878,9.00461096706139,1,150,149,-0.5,1,1
"67",0.00051460004479293,-17.2026887718878,9.00461096706139,1,150,149,-28.5,0,1
"68",0.00051460004479293,-17.2026887718878,9.00461096706139,1,150,149,-1.5,1,1
"69",0.00051460004479293,-17.2026887718878,9.00461096706139,1,150,149,-27.5,0,1
"70",0.00051460004479293,-17.2026887718878,9.00461096706139,1,150,149,-1.5,1,1
"71",0.00051460004479293,-17.2026887718878,9.00461096706139,1,150,149,-27.5,0,1
"72",0.00051460004479293,-17.2026887718878,9.00461096706139,1,150,149,-2.5,1,1
"73",0.00051460004479293,-17.2026887718878,9.00461096706139,1,150,149,-26.5,0,1
"74",0.00051460004479293,-17.2026887718878,9.00461096706139,1,150,149,-2.5,1,1
"75",0.00051460004479293,-17.2026887718878,9.00461096706139,1,150,149,-26.5,0,1
"76",0.00051460004479293,-17.2026887718878,9.00461096706139,1,150,149,-3.5,1,1
"77",0.00051460004479293,-17.2026887718878,9.00461096706139,1,150,149,-3.5,1,1
"78",0.00051460004479293,-17.2026887718878,9.00461096706139,1,150,149,-25.5,1,1
"79",0.00051460004479293,-17.2026887718878,9.00461096706139,1,150,149,-3.5,0,1
"80",0.00051460004479293,-17.2026887718878,9.00461096706139,1,150,149,-28.5,0,1
"81",0.00051460004479293,-17.2026887718878,9.00461096706139,1,150,149,-27.5,1,1
"82",0.00051460004479293,-17.2026887718878,9.00461096706139,1,150,149,-1.5,1,1
"83",0.00051460004479293,-17.2026887718878,9.00461096706139,1,150,149,-29.5,0,1
"84",0.00051460004479293,-17.2026887718878,9.00461096706139,1,150,149,-1.5,1,1
"85",0.00051460004479293,-17.2026887718878,9.00461096706139,1,150,149,-29.5,0,1
"86",0.00051460004479293,-17.2026887718878,9.00461096706139,1,150,149,-2.5,1,1
"87",0.00051460004479293,-17.2026887718878,9.00461096706139,1,150,149,-28.5,0,1
"88",0.00051460004479293,-17.2026887718878,9.00461096706139,1,150,149,-2.5,1,1
"89",0.00051460004479293,-17.2026887718878,9.00461096706139,1,150,149,-28.5,0,1
"90",0.00051460004479293,-17.2026887718878,9.00461096706139,1,150,149,-2.5,1,1
"91",0.00051460004479293,-17.2026887718878,9.00461096706139,1,150,149,-3.5,1,1
"92",0.00051460004479293,-17.2026887718878,9.00461096706139,1,150,149,-28.5,0,1
"93",0.00051460004479293,-17.2026887718878,9.00461096706139,1,150,149,-3.5,1,1
"94",0.00051460004479293,-17.2026887718878,9.00461096706139,1,150,149,-27.5,0,1
"95",0.00051460004479293,-17.2026887718878,9.00461096706139,1,150,149,-3.5,1,1
"96",0.00051460004479293,-17.2026887718878,9.00461096706139,1,150,149,-4.5,1,1
"97",0.00051460004479293,-17.2026887718878,9.00461096706139,1,150,149,-27.5,0,1
"98",0.00051460004479293,-17.2026887718878,9.00461096706139,1,150,149,-4.5,1,1
"99",0.00051460004479293,-17.2026887718878,9.00461096706139,1,150,149,-27.5,1,1
"100",0.00051460004479293,-17.2026887718878,9.00461096706139,1,150,149,-4.5,1,1
"101",0.00051460004479293,-17.2026887718878,9.00461096706139,1,150,149,-4.5,1,1
"102",0.00051460004479293,-17.2026887718878,9.00461096706139,1,150,149,-28.5,0,1
"103",0.00051460004479293,-17.2026887718878,9.00461096706139,1,150,149,-4.5,1,1
"104",0.00051460004479293,-17.2026887718878,9.00461096706139,1,150,149,-5.5,0,1
"105",0.00051460004479293,-17.2026887718878,9.00461096706139,1,150,149,-28.5,0,1
"106",0.00051460004479293,-17.2026887718878,9.00461096706139,1,150,149,-28.5,0,1
"107",0.00051460004479293,-17.2026887718878,9.00461096706139,1,150,149,-27.5,0,1
"108",0.00051460004479293,-17.2026887718878,9.00461096706139,1,150,149,-3.5,1,1
"109",0.00051460004479293,-17.2026887718878,9.00461096706139,1,150,149,-27.5,0,1
"110",0.00051460004479293,-17.2026887718878,9.00461096706139,1,150,149,-4.5,1,1
"111",0.00051460004479293,-17.2026887718878,9.00461096706139,1,150,149,-27.5,0,1
"112",0.00051460004479293,-17.2026887718878,9.00461096706139,1,150,149,-4.5,1,1
"113",0.00051460004479293,-17.2026887718878,9.00461096706139,1,150,149,-4.5,1,1
"114",0.00051460004479293,-17.2026887718878,9.00461096706139,1,150,149,-27.5,0,1
"115",0.00051460004479293,-17.2026887718878,9.00461096706139,1,150,149,-5.5,1,1
"116",0.00051460004479293,-17.2026887718878,9.00461096706139,1,150,149,-26.5,0,1
"117",0.00051460004479293,-17.2026887718878,9.00461096706139,1,150,149,-5.5,1,1
"118",0.00051460004479293,-17.2026887718878,9.00461096706139,1,150,149,-5.5,1,1
"119",0.00051460004479293,-17.2026887718878,9.00461096706139,1,150,149,-26.5,0,1
"120",0.00051460004479293,-17.2026887718878,9.00461096706139,1,150,149,-5.5,1,1
"121",0.00051460004479293,-17.2026887718878,9.00461096706139,1,150,149,-5.5,1,1
"122",0.00051460004479293,-17.2026887718878,9.00461096706139,1,150,149,-26.5,0,1
"123",0.00051460004479293,-17.2026887718878,9.00461096706139,1,150,149,-6.5,0,1
"124",0.00051460004479293,-17.2026887718878,9.00461096706139,1,150,149,-26.5,0,1
"125",0.00051460004479293,-17.2026887718878,9.00461096706139,1,150,149,-26.5,1,1
"126",0.00051460004479293,-17.2026887718878,9.00461096706139,1,150,149,-27.5,1,1
"127",0.00051460004479293,-17.2026887718878,9.00461096706139,1,150,149,-4.5,1,1
"128",0.00051460004479293,-17.2026887718878,9.00461096706139,1,150,149,-28.5,0,1
"129",0.00051460004479293,-17.2026887718878,9.00461096706139,1,150,149,-4.5,1,1
"130",0.00051460004479293,-17.2026887718878,9.00461096706139,1,150,149,-4.5,1,1
"131",0.00051460004479293,-17.2026887718878,9.00461096706139,1,150,149,-28.5,0,1
"132",0.00051460004479293,-17.2026887718878,9.00461096706139,1,150,149,-5.5,1,1
"133",0.00051460004479293,-17.2026887718878,9.00461096706139,1,150,149,-27.5,0,1
"134",0.00051460004479293,-17.2026887718878,9.00461096706139,1,150,149,-5.5,1,1
"135",0.00051460004479293,-17.2026887718878,9.00461096706139,1,150,149,-5.5,1,1
"136",0.00051460004479293,-17.2026887718878,9.00461096706139,1,150,149,-27.5,0,1
"137",0.00051460004479293,-17.2026887718878,9.00461096706139,1,150,149,-5.5,1,1
"138",0.00051460004479293,-17.2026887718878,9.00461096706139,1,150,149,-6.5,0,1
"139",0.00051460004479293,-17.2026887718878,9.00461096706139,1,150,149,-27.5,0,1
"140",0.00051460004479293,-17.2026887718878,9.00461096706139,1,150,149,-27.5,0,1
"141",0.00051460004479293,-17.2026887718878,9.00461096706139,1,150,149,-27.5,0,1
"142",0.00051460004479293,-17.2026887718878,9.00461096706139,1,150,149,-5.5,1,1
"143",0.00051460004479293,-17.2026887718878,9.00461096706139,1,150,149,-26.5,0,1
"144",0.00051460004479293,-17.2026887718878,9.00461096706139,1,150,149,-5.5,0,1
"145",0.00051460004479293,-17.2026887718878,9.00461096706139,1,150,149,-26.5,0,1
"146",0.00051460004479293,-17.2026887718878,9.00461096706139,1,150,149,-26.5,0,1
"147",0.00051460004479293,-17.2026887718878,9.00461096706139,1,150,149,-4.5,1,1
"148",0.00051460004479293,-17.2026887718878,9.00461096706139,1,150,149,-26.5,0,1
"149",0.00051460004479293,-17.2026887718878,9.00461096706139,1,150,149,-4.5,1,1
"150",0.00051460004479293,-17.2026887718878,9.00461096706139,1,150,149,-26.5,0,1
"151",0.00276139076961554,2.0895960972098,10.6639291338029,2,150,149,-0.5,0,1
"152",0.00276139076961554,2.0895960972098,10.6639291338029,2,150,149,22.5,0,1
"153",0.00276139076961554,2.0895960972098,10.6639291338029,2,150,149,34.5,1,1
"154",0.00276139076961554,2.0895960972098,10.6639291338029,2,150,149,27.5,1,1
"155",0.00276139076961554,2.0895960972098,10.6639291338029,2,150,149,19.5,0,1
"156",0.00276139076961554,2.0895960972098,10.6639291338029,2,150,149,29.5,1,1
"157",0.00276139076961554,2.0895960972098,10.6639291338029,2,150,149,20.5,1,1
"158",0.00276139076961554,2.0895960972098,10.6639291338029,2,150,149,13.5,1,1
"159",0.00276139076961554,2.0895960972098,10.6639291338029,2,150,149,6.5,0,1
"160",0.00276139076961554,2.0895960972098,10.6639291338029,2,150,149,7.5,1,1
"161",0.00276139076961554,2.0895960972098,10.6639291338029,2,150,149,2.5,1,1
"162",0.00276139076961554,2.0895960972098,10.6639291338029,2,150,149,-1.5,1,1
"163",0.00276139076961554,2.0895960972098,10.6639291338029,2,150,149,-4.5,0,1
"164",0.00276139076961554,2.0895960972098,10.6639291338029,2,150,149,-3.5,0,1
"165",0.00276139076961554,2.0895960972098,10.6639291338029,2,150,149,-1.5,0,1
"166",0.00276139076961554,2.0895960972098,10.6639291338029,2,150,149,-0.5,0,1
"167",0.00276139076961554,2.0895960972098,10.6639291338029,2,150,149,21.5,1,1
"168",0.00276139076961554,2.0895960972098,10.6639291338029,2,150,149,-2.5,0,1
"169",0.00276139076961554,2.0895960972098,10.6639291338029,2,150,149,22.5,1,1
"170",0.00276139076961554,2.0895960972098,10.6639291338029,2,150,149,-4.5,0,1
"171",0.00276139076961554,2.0895960972098,10.6639291338029,2,150,149,23.5,1,1
"172",0.00276139076961554,2.0895960972098,10.6639291338029,2,150,149,-4.5,0,1
"173",0.00276139076961554,2.0895960972098,10.6639291338029,2,150,149,23.5,1,1
"174",0.00276139076961554,2.0895960972098,10.6639291338029,2,150,149,-4.5,0,1
"175",0.00276139076961554,2.0895960972098,10.6639291338029,2,150,149,23.5,1,1
"176",0.00276139076961554,2.0895960972098,10.6639291338029,2,150,149,22.5,1,1
"177",0.00276139076961554,2.0895960972098,10.6639291338029,2,150,149,-5.5,0,1
"178",0.00276139076961554,2.0895960972098,10.6639291338029,2,150,149,22.5,1,1
"179",0.00276139076961554,2.0895960972098,10.6639291338029,2,150,149,-4.5,0,1
"180",0.00276139076961554,2.0895960972098,10.6639291338029,2,150,149,21.5,1,1
"181",0.00276139076961554,2.0895960972098,10.6639291338029,2,150,149,-4.5,1,1
"182",0.00276139076961554,2.0895960972098,10.6639291338029,2,150,149,-7.5,0,1
"183",0.00276139076961554,2.0895960972098,10.6639291338029,2,150,149,-7.5,0,1
"184",0.00276139076961554,2.0895960972098,10.6639291338029,2,150,149,21.5,1,1
"185",0.00276139076961554,2.0895960972098,10.6639291338029,2,150,149,20.5,1,1
"186",0.00276139076961554,2.0895960972098,10.6639291338029,2,150,149,-6.5,0,1
"187",0.00276139076961554,2.0895960972098,10.6639291338029,2,150,149,19.5,1,1
"188",0.00276139076961554,2.0895960972098,10.6639291338029,2,150,149,-6.5,0,1
"189",0.00276139076961554,2.0895960972098,10.6639291338029,2,150,149,19.5,1,1
"190",0.00276139076961554,2.0895960972098,10.6639291338029,2,150,149,18.5,0,1
"191",0.00276139076961554,2.0895960972098,10.6639291338029,2,150,149,-5.5,1,1
"192",0.00276139076961554,2.0895960972098,10.6639291338029,2,150,149,-8.5,0,1
"193",0.00276139076961554,2.0895960972098,10.6639291338029,2,150,149,-8.5,0,1
"194",0.00276139076961554,2.0895960972098,10.6639291338029,2,150,149,22.5,1,1
"195",0.00276139076961554,2.0895960972098,10.6639291338029,2,150,149,-7.5,0,1
"196",0.00276139076961554,2.0895960972098,10.6639291338029,2,150,149,22.5,1,1
"197",0.00276139076961554,2.0895960972098,10.6639291338029,2,150,149,-7.5,1,1
"198",0.00276139076961554,2.0895960972098,10.6639291338029,2,150,149,-10.5,0,1
"199",0.00276139076961554,2.0895960972098,10.6639291338029,2,150,149,22.5,1,1
"200",0.00276139076961554,2.0895960972098,10.6639291338029,2,150,149,-9.5,0,1
"201",0.00276139076961554,2.0895960972098,10.6639291338029,2,150,149,21.5,1,1
"202",0.00276139076961554,2.0895960972098,10.6639291338029,2,150,149,-9.5,0,1
"203",0.00276139076961554,2.0895960972098,10.6639291338029,2,150,149,21.5,1,1
"204",0.00276139076961554,2.0895960972098,10.6639291338029,2,150,149,-8.5,0,1
"205",0.00276139076961554,2.0895960972098,10.6639291338029,2,150,149,20.5,1,1
"206",0.00276139076961554,2.0895960972098,10.6639291338029,2,150,149,20.5,1,1
"207",0.00276139076961554,2.0895960972098,10.6639291338029,2,150,149,-8.5,0,1
"208",0.00276139076961554,2.0895960972098,10.6639291338029,2,150,149,19.5,1,1
"209",0.00276139076961554,2.0895960972098,10.6639291338029,2,150,149,-7.5,0,1
"210",0.00276139076961554,2.0895960972098,10.6639291338029,2,150,149,19.5,1,1
"211",0.00276139076961554,2.0895960972098,10.6639291338029,2,150,149,18.5,1,1
"212",0.00276139076961554,2.0895960972098,10.6639291338029,2,150,149,-7.5,0,1
"213",0.00276139076961554,2.0895960972098,10.6639291338029,2,150,149,18.5,1,1
"214",0.00276139076961554,2.0895960972098,10.6639291338029,2,150,149,17.5,1,1
"215",0.00276139076961554,2.0895960972098,10.6639291338029,2,150,149,-6.5,1,1
"216",0.00276139076961554,2.0895960972098,10.6639291338029,2,150,149,-9.5,0,1
"217",0.00276139076961554,2.0895960972098,10.6639291338029,2,150,149,17.5,1,1
"218",0.00276139076961554,2.0895960972098,10.6639291338029,2,150,149,17.5,1,1
"219",0.00276139076961554,2.0895960972098,10.6639291338029,2,150,149,-8.5,0,1
"220",0.00276139076961554,2.0895960972098,10.6639291338029,2,150,149,16.5,1,1
"221",0.00276139076961554,2.0895960972098,10.6639291338029,2,150,149,16.5,1,1
"222",0.00276139076961554,2.0895960972098,10.6639291338029,2,150,149,15.5,1,1
"223",0.00276139076961554,2.0895960972098,10.6639291338029,2,150,149,-8.5,0,1
"224",0.00276139076961554,2.0895960972098,10.6639291338029,2,150,149,15.5,1,1
"225",0.00276139076961554,2.0895960972098,10.6639291338029,2,150,149,14.5,1,1
"226",0.00276139076961554,2.0895960972098,10.6639291338029,2,150,149,14.5,1,1
"227",0.00276139076961554,2.0895960972098,10.6639291338029,2,150,149,13.5,1,1
"228",0.00276139076961554,2.0895960972098,10.6639291338029,2,150,149,13.5,1,1
"229",0.00276139076961554,2.0895960972098,10.6639291338029,2,150,149,12.5,1,1
"230",0.00276139076961554,2.0895960972098,10.6639291338029,2,150,149,12.5,1,1
"231",0.00276139076961554,2.0895960972098,10.6639291338029,2,150,149,11.5,1,1
"232",0.00276139076961554,2.0895960972098,10.6639291338029,2,150,149,11.5,1,1
"233",0.00276139076961554,2.0895960972098,10.6639291338029,2,150,149,10.5,1,1
"234",0.00276139076961554,2.0895960972098,10.6639291338029,2,150,149,10.5,1,1
"235",0.00276139076961554,2.0895960972098,10.6639291338029,2,150,149,10.5,1,1
"236",0.00276139076961554,2.0895960972098,10.6639291338029,2,150,149,9.5,1,1
"237",0.00276139076961554,2.0895960972098,10.6639291338029,2,150,149,9.5,1,1
"238",0.00276139076961554,2.0895960972098,10.6639291338029,2,150,149,9.5,1,1
"239",0.00276139076961554,2.0895960972098,10.6639291338029,2,150,149,9.5,1,1
"240",0.00276139076961554,2.0895960972098,10.6639291338029,2,150,149,8.5,1,1
"241",0.00276139076961554,2.0895960972098,10.6639291338029,2,150,149,8.5,0,1
"242",0.00276139076961554,2.0895960972098,10.6639291338029,2,150,149,10.5,1,1
"243",0.00276139076961554,2.0895960972098,10.6639291338029,2,150,149,10.5,0,1
"244",0.00276139076961554,2.0895960972098,10.6639291338029,2,150,149,-8.5,0,1
"245",0.00276139076961554,2.0895960972098,10.6639291338029,2,150,149,-8.5,0,1
"246",0.00276139076961554,2.0895960972098,10.6639291338029,2,150,149,-7.5,1,1
"247",0.00276139076961554,2.0895960972098,10.6639291338029,2,150,149,-9.5,1,1
"248",0.00276139076961554,2.0895960972098,10.6639291338029,2,150,149,-10.5,0,1
"249",0.00276139076961554,2.0895960972098,10.6639291338029,2,150,149,-10.5,0,1
"250",0.00276139076961554,2.0895960972098,10.6639291338029,2,150,149,-10.5,0,1
"251",0.00276139076961554,2.0895960972098,10.6639291338029,2,150,149,-10.5,0,1
"252",0.00276139076961554,2.0895960972098,10.6639291338029,2,150,149,-10.5,1,1
"253",0.00276139076961554,2.0895960972098,10.6639291338029,2,150,149,-11.5,0,1
"254",0.00276139076961554,2.0895960972098,10.6639291338029,2,150,149,-11.5,1,1
"255",0.00276139076961554,2.0895960972098,10.6639291338029,2,150,149,-12.5,0,1
"256",0.00276139076961554,2.0895960972098,10.6639291338029,2,150,149,-12.5,0,1
"257",0.00276139076961554,2.0895960972098,10.6639291338029,2,150,149,-12.5,0,1
"258",0.00276139076961554,2.0895960972098,10.6639291338029,2,150,149,-12.5,0,1
"259",0.00276139076961554,2.0895960972098,10.6639291338029,2,150,149,-11.5,0,1
"260",0.00276139076961554,2.0895960972098,10.6639291338029,2,150,149,-11.5,0,1
"261",0.00276139076961554,2.0895960972098,10.6639291338029,2,150,149,13.5,1,1
"262",0.00276139076961554,2.0895960972098,10.6639291338029,2,150,149,13.5,0,1
"263",0.00276139076961554,2.0895960972098,10.6639291338029,2,150,149,-11.5,0,1
"264",0.00276139076961554,2.0895960972098,10.6639291338029,2,150,149,-11.5,0,1
"265",0.00276139076961554,2.0895960972098,10.6639291338029,2,150,149,-11.5,0,1
"266",0.00276139076961554,2.0895960972098,10.6639291338029,2,150,149,14.5,0,1
"267",0.00276139076961554,2.0895960972098,10.6639291338029,2,150,149,-11.5,1,1
"268",0.00276139076961554,2.0895960972098,10.6639291338029,2,150,149,-12.5,0,1
"269",0.00276139076961554,2.0895960972098,10.6639291338029,2,150,149,-12.5,1,1
"270",0.00276139076961554,2.0895960972098,10.6639291338029,2,150,149,-13.5,0,1
"271",0.00276139076961554,2.0895960972098,10.6639291338029,2,150,149,-13.5,0,1
"272",0.00276139076961554,2.0895960972098,10.6639291338029,2,150,149,-13.5,0,1
"273",0.00276139076961554,2.0895960972098,10.6639291338029,2,150,149,-13.5,0,1
"274",0.00276139076961554,2.0895960972098,10.6639291338029,2,150,149,16.5,1,1
"275",0.00276139076961554,2.0895960972098,10.6639291338029,2,150,149,16.5,1,1
"276",0.00276139076961554,2.0895960972098,10.6639291338029,2,150,149,-12.5,0,1
"277",0.00276139076961554,2.0895960972098,10.6639291338029,2,150,149,16.5,1,1
"278",0.00276139076961554,2.0895960972098,10.6639291338029,2,150,149,16.5,1,1
"279",0.00276139076961554,2.0895960972098,10.6639291338029,2,150,149,-12.5,0,1
"280",0.00276139076961554,2.0895960972098,10.6639291338029,2,150,149,15.5,1,1
"281",0.00276139076961554,2.0895960972098,10.6639291338029,2,150,149,15.5,1,1
"282",0.00276139076961554,2.0895960972098,10.6639291338029,2,150,149,-12.5,0,1
"283",0.00276139076961554,2.0895960972098,10.6639291338029,2,150,149,15.5,1,1
"284",0.00276139076961554,2.0895960972098,10.6639291338029,2,150,149,15.5,1,1
"285",0.00276139076961554,2.0895960972098,10.6639291338029,2,150,149,-11.5,0,1
"286",0.00276139076961554,2.0895960972098,10.6639291338029,2,150,149,14.5,1,1
"287",0.00276139076961554,2.0895960972098,10.6639291338029,2,150,149,14.5,1,1
"288",0.00276139076961554,2.0895960972098,10.6639291338029,2,150,149,-11.5,0,1
"289",0.00276139076961554,2.0895960972098,10.6639291338029,2,150,149,14.5,1,1
"290",0.00276139076961554,2.0895960972098,10.6639291338029,2,150,149,14.5,1,1
"291",0.00276139076961554,2.0895960972098,10.6639291338029,2,150,149,14.5,0,1
"292",0.00276139076961554,2.0895960972098,10.6639291338029,2,150,149,-11.5,0,1
"293",0.00276139076961554,2.0895960972098,10.6639291338029,2,150,149,-11.5,0,1
"294",0.00276139076961554,2.0895960972098,10.6639291338029,2,150,149,-11.5,0,1
"295",0.00276139076961554,2.0895960972098,10.6639291338029,2,150,149,14.5,1,1
"296",0.00276139076961554,2.0895960972098,10.6639291338029,2,150,149,-10.5,0,1
"297",0.00276139076961554,2.0895960972098,10.6639291338029,2,150,149,14.5,1,1
"298",0.00276139076961554,2.0895960972098,10.6639291338029,2,150,149,14.5,1,1
"299",0.00276139076961554,2.0895960972098,10.6639291338029,2,150,149,-10.5,0,1
"300",0.00276139076961554,2.0895960972098,10.6639291338029,2,150,149,14.5,1,1
"301",0.0138579104524142,-3.70206912705872,7.01921349860184,3,150,149,-0.5,1,1
"302",0.0138579104524142,-3.70206912705872,7.01921349860184,3,150,149,-23.5,0,1
"303",0.0138579104524142,-3.70206912705872,7.01921349860184,3,150,149,-11.5,0,1
"304",0.0138579104524142,-3.70206912705872,7.01921349860184,3,150,149,0.5,0,1
"305",0.0138579104524142,-3.70206912705872,7.01921349860184,3,150,149,12.5,1,1
"306",0.0138579104524142,-3.70206912705872,7.01921349860184,3,150,149,6.5,1,1
"307",0.0138579104524142,-3.70206912705872,7.01921349860184,3,150,149,-6.5,0,1
"308",0.0138579104524142,-3.70206912705872,7.01921349860184,3,150,149,7.5,1,1
"309",0.0138579104524142,-3.70206912705872,7.01921349860184,3,150,149,-6.5,0,1
"310",0.0138579104524142,-3.70206912705872,7.01921349860184,3,150,149,6.5,1,1
"311",0.0138579104524142,-3.70206912705872,7.01921349860184,3,150,149,-5.5,0,1
"312",0.0138579104524142,-3.70206912705872,7.01921349860184,3,150,149,4.5,1,1
"313",0.0138579104524142,-3.70206912705872,7.01921349860184,3,150,149,-4.5,1,1
"314",0.0138579104524142,-3.70206912705872,7.01921349860184,3,150,149,-10.5,1,1
"315",0.0138579104524142,-3.70206912705872,7.01921349860184,3,150,149,-15.5,0,1
"316",0.0138579104524142,-3.70206912705872,7.01921349860184,3,150,149,-15.5,0,1
"317",0.0138579104524142,-3.70206912705872,7.01921349860184,3,150,149,-14.5,0,1
"318",0.0138579104524142,-3.70206912705872,7.01921349860184,3,150,149,6.5,1,1
"319",0.0138579104524142,-3.70206912705872,7.01921349860184,3,150,149,-13.5,0,1
"320",0.0138579104524142,-3.70206912705872,7.01921349860184,3,150,149,5.5,1,1
"321",0.0138579104524142,-3.70206912705872,7.01921349860184,3,150,149,-12.5,0,1
"322",0.0138579104524142,-3.70206912705872,7.01921349860184,3,150,149,4.5,1,1
"323",0.0138579104524142,-3.70206912705872,7.01921349860184,3,150,149,-11.5,0,1
"324",0.0138579104524142,-3.70206912705872,7.01921349860184,3,150,149,3.5,0,1
"325",0.0138579104524142,-3.70206912705872,7.01921349860184,3,150,149,8.5,1,1
"326",0.0138579104524142,-3.70206912705872,7.01921349860184,3,150,149,7.5,1,1
"327",0.0138579104524142,-3.70206912705872,7.01921349860184,3,150,149,-11.5,0,1
"328",0.0138579104524142,-3.70206912705872,7.01921349860184,3,150,149,-10.5,0,1
"329",0.0138579104524142,-3.70206912705872,7.01921349860184,3,150,149,6.5,0,1
"330",0.0138579104524142,-3.70206912705872,7.01921349860184,3,150,149,10.5,1,1
"331",0.0138579104524142,-3.70206912705872,7.01921349860184,3,150,149,9.5,1,1
"332",0.0138579104524142,-3.70206912705872,7.01921349860184,3,150,149,-10.5,0,1
"333",0.0138579104524142,-3.70206912705872,7.01921349860184,3,150,149,8.5,1,1
"334",0.0138579104524142,-3.70206912705872,7.01921349860184,3,150,149,-9.5,1,1
"335",0.0138579104524142,-3.70206912705872,7.01921349860184,3,150,149,-13.5,0,1
"336",0.0138579104524142,-3.70206912705872,7.01921349860184,3,150,149,8.5,1,1
"337",0.0138579104524142,-3.70206912705872,7.01921349860184,3,150,149,-12.5,0,1
"338",0.0138579104524142,-3.70206912705872,7.01921349860184,3,150,149,8.5,1,1
"339",0.0138579104524142,-3.70206912705872,7.01921349860184,3,150,149,-12.5,0,1
"340",0.0138579104524142,-3.70206912705872,7.01921349860184,3,150,149,7.5,1,1
"341",0.0138579104524142,-3.70206912705872,7.01921349860184,3,150,149,-11.5,0,1
"342",0.0138579104524142,-3.70206912705872,7.01921349860184,3,150,149,6.5,1,1
"343",0.0138579104524142,-3.70206912705872,7.01921349860184,3,150,149,-10.5,1,1
"344",0.0138579104524142,-3.70206912705872,7.01921349860184,3,150,149,-13.5,0,1
"345",0.0138579104524142,-3.70206912705872,7.01921349860184,3,150,149,6.5,1,1
"346",0.0138579104524142,-3.70206912705872,7.01921349860184,3,150,149,-12.5,0,1
"347",0.0138579104524142,-3.70206912705872,7.01921349860184,3,150,149,5.5,1,1
"348",0.0138579104524142,-3.70206912705872,7.01921349860184,3,150,149,5.5,1,1
"349",0.0138579104524142,-3.70206912705872,7.01921349860184,3,150,149,-11.5,0,1
"350",0.0138579104524142,-3.70206912705872,7.01921349860184,3,150,149,4.5,1,1
"351",0.0138579104524142,-3.70206912705872,7.01921349860184,3,150,149,-11.5,0,1
"352",0.0138579104524142,-3.70206912705872,7.01921349860184,3,150,149,4.5,1,1
"353",0.0138579104524142,-3.70206912705872,7.01921349860184,3,150,149,3.5,1,1
"354",0.0138579104524142,-3.70206912705872,7.01921349860184,3,150,149,-10.5,0,1
"355",0.0138579104524142,-3.70206912705872,7.01921349860184,3,150,149,3.5,1,1
"356",0.0138579104524142,-3.70206912705872,7.01921349860184,3,150,149,-10.5,0,1
"357",0.0138579104524142,-3.70206912705872,7.01921349860184,3,150,149,2.5,1,1
"358",0.0138579104524142,-3.70206912705872,7.01921349860184,3,150,149,2.5,1,1
"359",0.0138579104524142,-3.70206912705872,7.01921349860184,3,150,149,2.5,1,1
"360",0.0138579104524142,-3.70206912705872,7.01921349860184,3,150,149,-10.5,0,1
"361",0.0138579104524142,-3.70206912705872,7.01921349860184,3,150,149,1.5,0,1
"362",0.0138579104524142,-3.70206912705872,7.01921349860184,3,150,149,-9.5,0,1
"363",0.0138579104524142,-3.70206912705872,7.01921349860184,3,150,149,-9.5,1,1
"364",0.0138579104524142,-3.70206912705872,7.01921349860184,3,150,149,-11.5,0,1
"365",0.0138579104524142,-3.70206912705872,7.01921349860184,3,150,149,3.5,1,1
"366",0.0138579104524142,-3.70206912705872,7.01921349860184,3,150,149,3.5,0,1
"367",0.0138579104524142,-3.70206912705872,7.01921349860184,3,150,149,-11.5,0,1
"368",0.0138579104524142,-3.70206912705872,7.01921349860184,3,150,149,-10.5,0,1
"369",0.0138579104524142,-3.70206912705872,7.01921349860184,3,150,149,4.5,1,1
"370",0.0138579104524142,-3.70206912705872,7.01921349860184,3,150,149,-10.5,1,1
"371",0.0138579104524142,-3.70206912705872,7.01921349860184,3,150,149,-11.5,0,1
"372",0.0138579104524142,-3.70206912705872,7.01921349860184,3,150,149,4.5,1,1
"373",0.0138579104524142,-3.70206912705872,7.01921349860184,3,150,149,4.5,1,1
"374",0.0138579104524142,-3.70206912705872,7.01921349860184,3,150,149,-11.5,0,1
"375",0.0138579104524142,-3.70206912705872,7.01921349860184,3,150,149,4.5,0,1
"376",0.0138579104524142,-3.70206912705872,7.01921349860184,3,150,149,-11.5,0,1
"377",0.0138579104524142,-3.70206912705872,7.01921349860184,3,150,149,5.5,1,1
"378",0.0138579104524142,-3.70206912705872,7.01921349860184,3,150,149,-11.5,0,1
"379",0.0138579104524142,-3.70206912705872,7.01921349860184,3,150,149,5.5,1,1
"380",0.0138579104524142,-3.70206912705872,7.01921349860184,3,150,149,-11.5,1,1
"381",0.0138579104524142,-3.70206912705872,7.01921349860184,3,150,149,-12.5,0,1
"382",0.0138579104524142,-3.70206912705872,7.01921349860184,3,150,149,5.5,1,1
"383",0.0138579104524142,-3.70206912705872,7.01921349860184,3,150,149,-12.5,0,1
"384",0.0138579104524142,-3.70206912705872,7.01921349860184,3,150,149,5.5,1,1
"385",0.0138579104524142,-3.70206912705872,7.01921349860184,3,150,149,-11.5,0,1
"386",0.0138579104524142,-3.70206912705872,7.01921349860184,3,150,149,4.5,0,1
"387",0.0138579104524142,-3.70206912705872,7.01921349860184,3,150,149,-11.5,0,1
"388",0.0138579104524142,-3.70206912705872,7.01921349860184,3,150,149,5.5,1,1
"389",0.0138579104524142,-3.70206912705872,7.01921349860184,3,150,149,-11.5,0,1
"390",0.0138579104524142,-3.70206912705872,7.01921349860184,3,150,149,5.5,1,1
"391",0.0138579104524142,-3.70206912705872,7.01921349860184,3,150,149,-11.5,0,1
"392",0.0138579104524142,-3.70206912705872,7.01921349860184,3,150,149,5.5,1,1
"393",0.0138579104524142,-3.70206912705872,7.01921349860184,3,150,149,5.5,1,1
"394",0.0138579104524142,-3.70206912705872,7.01921349860184,3,150,149,-10.5,0,1
"395",0.0138579104524142,-3.70206912705872,7.01921349860184,3,150,149,4.5,0,1
"396",0.0138579104524142,-3.70206912705872,7.01921349860184,3,150,149,-11.5,0,1
"397",0.0138579104524142,-3.70206912705872,7.01921349860184,3,150,149,5.5,1,1
"398",0.0138579104524142,-3.70206912705872,7.01921349860184,3,150,149,-10.5,0,1
"399",0.0138579104524142,-3.70206912705872,7.01921349860184,3,150,149,5.5,1,1
"400",0.0138579104524142,-3.70206912705872,7.01921349860184,3,150,149,-10.5,0,1
"401",0.0138579104524142,-3.70206912705872,7.01921349860184,3,150,149,-10.5,0,1
"402",0.0138579104524142,-3.70206912705872,7.01921349860184,3,150,149,5.5,1,1
"403",0.0138579104524142,-3.70206912705872,7.01921349860184,3,150,149,-10.5,1,1
"404",0.0138579104524142,-3.70206912705872,7.01921349860184,3,150,149,5.5,1,1
"405",0.0138579104524142,-3.70206912705872,7.01921349860184,3,150,149,5.5,1,1
"406",0.0138579104524142,-3.70206912705872,7.01921349860184,3,150,149,-11.5,0,1
"407",0.0138579104524142,-3.70206912705872,7.01921349860184,3,150,149,-10.5,0,1
"408",0.0138579104524142,-3.70206912705872,7.01921349860184,3,150,149,4.5,1,1
"409",0.0138579104524142,-3.70206912705872,7.01921349860184,3,150,149,4.5,1,1
"410",0.0138579104524142,-3.70206912705872,7.01921349860184,3,150,149,-10.5,0,1
"411",0.0138579104524142,-3.70206912705872,7.01921349860184,3,150,149,4.5,1,1
"412",0.0138579104524142,-3.70206912705872,7.01921349860184,3,150,149,-10.5,1,1
"413",0.0138579104524142,-3.70206912705872,7.01921349860184,3,150,149,4.5,1,1
"414",0.0138579104524142,-3.70206912705872,7.01921349860184,3,150,149,-11.5,0,1
"415",0.0138579104524142,-3.70206912705872,7.01921349860184,3,150,149,4.5,1,1
"416",0.0138579104524142,-3.70206912705872,7.01921349860184,3,150,149,-11.5,0,1
"417",0.0138579104524142,-3.70206912705872,7.01921349860184,3,150,149,4.5,1,1
"418",0.0138579104524142,-3.70206912705872,7.01921349860184,3,150,149,-10.5,1,1
"419",0.0138579104524142,-3.70206912705872,7.01921349860184,3,150,149,4.5,1,1
"420",0.0138579104524142,-3.70206912705872,7.01921349860184,3,150,149,-11.5,0,1
"421",0.0138579104524142,-3.70206912705872,7.01921349860184,3,150,149,4.5,1,1
"422",0.0138579104524142,-3.70206912705872,7.01921349860184,3,150,149,-11.5,0,1
"423",0.0138579104524142,-3.70206912705872,7.01921349860184,3,150,149,4.5,1,1
"424",0.0138579104524142,-3.70206912705872,7.01921349860184,3,150,149,-11.5,0,1
"425",0.0138579104524142,-3.70206912705872,7.01921349860184,3,150,149,3.5,0,1
"426",0.0138579104524142,-3.70206912705872,7.01921349860184,3,150,149,-11.5,1,1
"427",0.0138579104524142,-3.70206912705872,7.01921349860184,3,150,149,-11.5,1,1
"428",0.0138579104524142,-3.70206912705872,7.01921349860184,3,150,149,-12.5,0,1
"429",0.0138579104524142,-3.70206912705872,7.01921349860184,3,150,149,4.5,0,1
"430",0.0138579104524142,-3.70206912705872,7.01921349860184,3,150,149,-12.5,1,1
"431",0.0138579104524142,-3.70206912705872,7.01921349860184,3,150,149,-13.5,0,1
"432",0.0138579104524142,-3.70206912705872,7.01921349860184,3,150,149,5.5,0,1
"433",0.0138579104524142,-3.70206912705872,7.01921349860184,3,150,149,6.5,1,1
"434",0.0138579104524142,-3.70206912705872,7.01921349860184,3,150,149,-13.5,0,1
"435",0.0138579104524142,-3.70206912705872,7.01921349860184,3,150,149,6.5,1,1
"436",0.0138579104524142,-3.70206912705872,7.01921349860184,3,150,149,-13.5,0,1
"437",0.0138579104524142,-3.70206912705872,7.01921349860184,3,150,149,6.5,0,1
"438",0.0138579104524142,-3.70206912705872,7.01921349860184,3,150,149,-13.5,0,1
"439",0.0138579104524142,-3.70206912705872,7.01921349860184,3,150,149,7.5,1,1
"440",0.0138579104524142,-3.70206912705872,7.01921349860184,3,150,149,-13.5,0,1
"441",0.0138579104524142,-3.70206912705872,7.01921349860184,3,150,149,6.5,1,1
"442",0.0138579104524142,-3.70206912705872,7.01921349860184,3,150,149,6.5,1,1
"443",0.0138579104524142,-3.70206912705872,7.01921349860184,3,150,149,-13.5,1,1
"444",0.0138579104524142,-3.70206912705872,7.01921349860184,3,150,149,-13.5,0,1
"445",0.0138579104524142,-3.70206912705872,7.01921349860184,3,150,149,6.5,1,1
"446",0.0138579104524142,-3.70206912705872,7.01921349860184,3,150,149,-13.5,0,1
"447",0.0138579104524142,-3.70206912705872,7.01921349860184,3,150,149,6.5,1,1
"448",0.0138579104524142,-3.70206912705872,7.01921349860184,3,150,149,-13.5,0,1
"449",0.0138579104524142,-3.70206912705872,7.01921349860184,3,150,149,6.5,1,1
"450",0.0138579104524142,-3.70206912705872,7.01921349860184,3,150,149,-13.5,0,1
"451",0.000926262054506906,-2.23103061424827,7.54840154475356,4,150,149,-0.5,0,1
"452",0.000926262054506906,-2.23103061424827,7.54840154475356,4,150,149,22.5,1,1
"453",0.000926262054506906,-2.23103061424827,7.54840154475356,4,150,149,10.5,1,1
"454",0.000926262054506906,-2.23103061424827,7.54840154475356,4,150,149,-1.5,1,1
"455",0.000926262054506906,-2.23103061424827,7.54840154475356,4,150,149,-13.5,0,1
"456",0.000926262054506906,-2.23103061424827,7.54840154475356,4,150,149,-7.5,1,1
"457",0.000926262054506906,-2.23103061424827,7.54840154475356,4,150,149,-15.5,0,1
"458",0.000926262054506906,-2.23103061424827,7.54840154475356,4,150,149,-11.5,0,1
"459",0.000926262054506906,-2.23103061424827,7.54840154475356,4,150,149,4.5,1,1
"460",0.000926262054506906,-2.23103061424827,7.54840154475356,4,150,149,-14.5,0,1
"461",0.000926262054506906,-2.23103061424827,7.54840154475356,4,150,149,3.5,1,1
"462",0.000926262054506906,-2.23103061424827,7.54840154475356,4,150,149,-13.5,0,1
"463",0.000926262054506906,-2.23103061424827,7.54840154475356,4,150,149,3.5,1,1
"464",0.000926262054506906,-2.23103061424827,7.54840154475356,4,150,149,-6.5,0,1
"465",0.000926262054506906,-2.23103061424827,7.54840154475356,4,150,149,4.5,1,1
"466",0.000926262054506906,-2.23103061424827,7.54840154475356,4,150,149,-12.5,0,1
"467",0.000926262054506906,-2.23103061424827,7.54840154475356,4,150,149,3.5,1,1
"468",0.000926262054506906,-2.23103061424827,7.54840154475356,4,150,149,-10.5,0,1
"469",0.000926262054506906,-2.23103061424827,7.54840154475356,4,150,149,2.5,1,1
"470",0.000926262054506906,-2.23103061424827,7.54840154475356,4,150,149,-4.5,0,1
"471",0.000926262054506906,-2.23103061424827,7.54840154475356,4,150,149,2.5,1,1
"472",0.000926262054506906,-2.23103061424827,7.54840154475356,4,150,149,-8.5,0,1
"473",0.000926262054506906,-2.23103061424827,7.54840154475356,4,150,149,-4.5,0,1
"474",0.000926262054506906,-2.23103061424827,7.54840154475356,4,150,149,-4.5,0,1
"475",0.000926262054506906,-2.23103061424827,7.54840154475356,4,150,149,-4.5,0,1
"476",0.000926262054506906,-2.23103061424827,7.54840154475356,4,150,149,-3.5,0,1
"477",0.000926262054506906,-2.23103061424827,7.54840154475356,4,150,149,-3.5,1,1
"478",0.000926262054506906,-2.23103061424827,7.54840154475356,4,150,149,3.5,1,1
"479",0.000926262054506906,-2.23103061424827,7.54840154475356,4,150,149,2.5,1,1
"480",0.000926262054506906,-2.23103061424827,7.54840154475356,4,150,149,-6.5,1,1
"481",0.000926262054506906,-2.23103061424827,7.54840154475356,4,150,149,3.5,1,1
"482",0.000926262054506906,-2.23103061424827,7.54840154475356,4,150,149,-9.5,0,1
"483",0.000926262054506906,-2.23103061424827,7.54840154475356,4,150,149,2.5,1,1
"484",0.000926262054506906,-2.23103061424827,7.54840154475356,4,150,149,-8.5,0,1
"485",0.000926262054506906,-2.23103061424827,7.54840154475356,4,150,149,1.5,1,1
"486",0.000926262054506906,-2.23103061424827,7.54840154475356,4,150,149,-7.5,0,1
"487",0.000926262054506906,-2.23103061424827,7.54840154475356,4,150,149,1.5,1,1
"488",0.000926262054506906,-2.23103061424827,7.54840154475356,4,150,149,-7.5,0,1
"489",0.000926262054506906,-2.23103061424827,7.54840154475356,4,150,149,0.5,0,1
"490",0.000926262054506906,-2.23103061424827,7.54840154475356,4,150,149,-7.5,1,1
"491",0.000926262054506906,-2.23103061424827,7.54840154475356,4,150,149,3.5,1,1
"492",0.000926262054506906,-2.23103061424827,7.54840154475356,4,150,149,-9.5,0,1
"493",0.000926262054506906,-2.23103061424827,7.54840154475356,4,150,149,2.5,0,1
"494",0.000926262054506906,-2.23103061424827,7.54840154475356,4,150,149,4.5,1,1
"495",0.000926262054506906,-2.23103061424827,7.54840154475356,4,150,149,-9.5,0,1
"496",0.000926262054506906,-2.23103061424827,7.54840154475356,4,150,149,3.5,1,1
"497",0.000926262054506906,-2.23103061424827,7.54840154475356,4,150,149,-9.5,0,1
"498",0.000926262054506906,-2.23103061424827,7.54840154475356,4,150,149,3.5,1,1
"499",0.000926262054506906,-2.23103061424827,7.54840154475356,4,150,149,-8.5,1,1
"500",0.000926262054506906,-2.23103061424827,7.54840154475356,4,150,149,-10.5,1,1
"501",0.000926262054506906,-2.23103061424827,7.54840154475356,4,150,149,-12.5,0,1
"502",0.000926262054506906,-2.23103061424827,7.54840154475356,4,150,149,4.5,1,1
"503",0.000926262054506906,-2.23103061424827,7.54840154475356,4,150,149,-11.5,1,1
"504",0.000926262054506906,-2.23103061424827,7.54840154475356,4,150,149,-13.5,0,1
"505",0.000926262054506906,-2.23103061424827,7.54840154475356,4,150,149,-13.5,0,1
"506",0.000926262054506906,-2.23103061424827,7.54840154475356,4,150,149,4.5,1,1
"507",0.000926262054506906,-2.23103061424827,7.54840154475356,4,150,149,-12.5,0,1
"508",0.000926262054506906,-2.23103061424827,7.54840154475356,4,150,149,4.5,1,1
"509",0.000926262054506906,-2.23103061424827,7.54840154475356,4,150,149,-12.5,0,1
"510",0.000926262054506906,-2.23103061424827,7.54840154475356,4,150,149,3.5,1,1
"511",0.000926262054506906,-2.23103061424827,7.54840154475356,4,150,149,-11.5,0,1
"512",0.000926262054506906,-2.23103061424827,7.54840154475356,4,150,149,3.5,1,1
"513",0.000926262054506906,-2.23103061424827,7.54840154475356,4,150,149,-11.5,1,1
"514",0.000926262054506906,-2.23103061424827,7.54840154475356,4,150,149,-13.5,0,1
"515",0.000926262054506906,-2.23103061424827,7.54840154475356,4,150,149,3.5,1,1
"516",0.000926262054506906,-2.23103061424827,7.54840154475356,4,150,149,-12.5,0,1
"517",0.000926262054506906,-2.23103061424827,7.54840154475356,4,150,149,3.5,1,1
"518",0.000926262054506906,-2.23103061424827,7.54840154475356,4,150,149,-12.5,0,1
"519",0.000926262054506906,-2.23103061424827,7.54840154475356,4,150,149,2.5,1,1
"520",0.000926262054506906,-2.23103061424827,7.54840154475356,4,150,149,-11.5,0,1
"521",0.000926262054506906,-2.23103061424827,7.54840154475356,4,150,149,2.5,1,1
"522",0.000926262054506906,-2.23103061424827,7.54840154475356,4,150,149,2.5,1,1
"523",0.000926262054506906,-2.23103061424827,7.54840154475356,4,150,149,-11.5,0,1
"524",0.000926262054506906,-2.23103061424827,7.54840154475356,4,150,149,2.5,0,1
"525",0.000926262054506906,-2.23103061424827,7.54840154475356,4,150,149,-11.5,0,1
"526",0.000926262054506906,-2.23103061424827,7.54840154475356,4,150,149,3.5,1,1
"527",0.000926262054506906,-2.23103061424827,7.54840154475356,4,150,149,-11.5,0,1
"528",0.000926262054506906,-2.23103061424827,7.54840154475356,4,150,149,2.5,1,1
"529",0.000926262054506906,-2.23103061424827,7.54840154475356,4,150,149,-11.5,0,1
"530",0.000926262054506906,-2.23103061424827,7.54840154475356,4,150,149,2.5,0,1
"531",0.000926262054506906,-2.23103061424827,7.54840154475356,4,150,149,3.5,1,1
"532",0.000926262054506906,-2.23103061424827,7.54840154475356,4,150,149,-11.5,0,1
"533",0.000926262054506906,-2.23103061424827,7.54840154475356,4,150,149,3.5,0,1
"534",0.000926262054506906,-2.23103061424827,7.54840154475356,4,150,149,4.5,0,1
"535",0.000926262054506906,-2.23103061424827,7.54840154475356,4,150,149,5.5,1,1
"536",0.000926262054506906,-2.23103061424827,7.54840154475356,4,150,149,-11.5,0,1
"537",0.000926262054506906,-2.23103061424827,7.54840154475356,4,150,149,5.5,1,1
"538",0.000926262054506906,-2.23103061424827,7.54840154475356,4,150,149,-11.5,0,1
"539",0.000926262054506906,-2.23103061424827,7.54840154475356,4,150,149,5.5,1,1
"540",0.000926262054506906,-2.23103061424827,7.54840154475356,4,150,149,-11.5,0,1
"541",0.000926262054506906,-2.23103061424827,7.54840154475356,4,150,149,4.5,1,1
"542",0.000926262054506906,-2.23103061424827,7.54840154475356,4,150,149,-11.5,0,1
"543",0.000926262054506906,-2.23103061424827,7.54840154475356,4,150,149,4.5,1,1
"544",0.000926262054506906,-2.23103061424827,7.54840154475356,4,150,149,-10.5,0,1
"545",0.000926262054506906,-2.23103061424827,7.54840154475356,4,150,149,-10.5,0,1
"546",0.000926262054506906,-2.23103061424827,7.54840154475356,4,150,149,4.5,1,1
"547",0.000926262054506906,-2.23103061424827,7.54840154475356,4,150,149,-10.5,0,1
"548",0.000926262054506906,-2.23103061424827,7.54840154475356,4,150,149,4.5,0,1
"549",0.000926262054506906,-2.23103061424827,7.54840154475356,4,150,149,5.5,1,1
"550",0.000926262054506906,-2.23103061424827,7.54840154475356,4,150,149,-10.5,0,1
"551",0.000926262054506906,-2.23103061424827,7.54840154475356,4,150,149,4.5,1,1
"552",0.000926262054506906,-2.23103061424827,7.54840154475356,4,150,149,-10.5,0,1
"553",0.000926262054506906,-2.23103061424827,7.54840154475356,4,150,149,4.5,1,1
"554",0.000926262054506906,-2.23103061424827,7.54840154475356,4,150,149,-10.5,0,1
"555",0.000926262054506906,-2.23103061424827,7.54840154475356,4,150,149,-10.5,0,1
"556",0.000926262054506906,-2.23103061424827,7.54840154475356,4,150,149,4.5,1,1
"557",0.000926262054506906,-2.23103061424827,7.54840154475356,4,150,149,-9.5,0,1
"558",0.000926262054506906,-2.23103061424827,7.54840154475356,4,150,149,4.5,0,1
"559",0.000926262054506906,-2.23103061424827,7.54840154475356,4,150,149,5.5,1,1
"560",0.000926262054506906,-2.23103061424827,7.54840154475356,4,150,149,-9.5,0,1
"561",0.000926262054506906,-2.23103061424827,7.54840154475356,4,150,149,4.5,1,1
"562",0.000926262054506906,-2.23103061424827,7.54840154475356,4,150,149,-9.5,1,1
"563",0.000926262054506906,-2.23103061424827,7.54840154475356,4,150,149,4.5,1,1
"564",0.000926262054506906,-2.23103061424827,7.54840154475356,4,150,149,-10.5,0,1
"565",0.000926262054506906,-2.23103061424827,7.54840154475356,4,150,149,4.5,0,1
"566",0.000926262054506906,-2.23103061424827,7.54840154475356,4,150,149,5.5,1,1
"567",0.000926262054506906,-2.23103061424827,7.54840154475356,4,150,149,-10.5,0,1
"568",0.000926262054506906,-2.23103061424827,7.54840154475356,4,150,149,5.5,0,1
"569",0.000926262054506906,-2.23103061424827,7.54840154475356,4,150,149,6.5,1,1
"570",0.000926262054506906,-2.23103061424827,7.54840154475356,4,150,149,-10.5,0,1
"571",0.000926262054506906,-2.23103061424827,7.54840154475356,4,150,149,5.5,1,1
"572",0.000926262054506906,-2.23103061424827,7.54840154475356,4,150,149,-10.5,0,1
"573",0.000926262054506906,-2.23103061424827,7.54840154475356,4,150,149,5.5,1,1
"574",0.000926262054506906,-2.23103061424827,7.54840154475356,4,150,149,-10.5,0,1
"575",0.000926262054506906,-2.23103061424827,7.54840154475356,4,150,149,5.5,1,1
"576",0.000926262054506906,-2.23103061424827,7.54840154475356,4,150,149,-10.5,0,1
"577",0.000926262054506906,-2.23103061424827,7.54840154475356,4,150,149,-10.5,0,1
"578",0.000926262054506906,-2.23103061424827,7.54840154475356,4,150,149,5.5,1,1
"579",0.000926262054506906,-2.23103061424827,7.54840154475356,4,150,149,-9.5,0,1
"580",0.000926262054506906,-2.23103061424827,7.54840154475356,4,150,149,5.5,1,1
"581",0.000926262054506906,-2.23103061424827,7.54840154475356,4,150,149,-9.5,0,1
"582",0.000926262054506906,-2.23103061424827,7.54840154475356,4,150,149,-9.5,0,1
"583",0.000926262054506906,-2.23103061424827,7.54840154475356,4,150,149,4.5,1,1
"584",0.000926262054506906,-2.23103061424827,7.54840154475356,4,150,149,-9.5,0,1
"585",0.000926262054506906,-2.23103061424827,7.54840154475356,4,150,149,4.5,1,1
"586",0.000926262054506906,-2.23103061424827,7.54840154475356,4,150,149,-9.5,0,1
"587",0.000926262054506906,-2.23103061424827,7.54840154475356,4,150,149,-9.5,0,1
"588",0.000926262054506906,-2.23103061424827,7.54840154475356,4,150,149,4.5,1,1
"589",0.000926262054506906,-2.23103061424827,7.54840154475356,4,150,149,-9.5,0,1
"590",0.000926262054506906,-2.23103061424827,7.54840154475356,4,150,149,4.5,1,1
"591",0.000926262054506906,-2.23103061424827,7.54840154475356,4,150,149,-8.5,0,1
"592",0.000926262054506906,-2.23103061424827,7.54840154475356,4,150,149,-8.5,0,1
"593",0.000926262054506906,-2.23103061424827,7.54840154475356,4,150,149,4.5,1,1
"594",0.000926262054506906,-2.23103061424827,7.54840154475356,4,150,149,-8.5,1,1
"595",0.000926262054506906,-2.23103061424827,7.54840154475356,4,150,149,4.5,0,1
"596",0.000926262054506906,-2.23103061424827,7.54840154475356,4,150,149,4.5,0,1
"597",0.000926262054506906,-2.23103061424827,7.54840154475356,4,150,149,5.5,1,1
"598",0.000926262054506906,-2.23103061424827,7.54840154475356,4,150,149,5.5,1,1
"599",0.000926262054506906,-2.23103061424827,7.54840154475356,4,150,149,-9.5,0,1
"600",0.000926262054506906,-2.23103061424827,7.54840154475356,4,150,149,-9.5,0,1
"601",0.000125270746085385,-5.44042346623386,7.33600079273744,5,150,149,-0.5,1,1
"602",0.000125270746085385,-5.44042346623386,7.33600079273744,5,150,149,-23.5,0,1
"603",0.000125270746085385,-5.44042346623386,7.33600079273744,5,150,149,-11.5,1,1
"604",0.000125270746085385,-5.44042346623386,7.33600079273744,5,150,149,-19.5,0,1
"605",0.000125270746085385,-5.44042346623386,7.33600079273744,5,150,149,-14.5,0,1
"606",0.000125270746085385,-5.44042346623386,7.33600079273744,5,150,149,-6.5,0,1
"607",0.000125270746085385,-5.44042346623386,7.33600079273744,5,150,149,2.5,1,1
"608",0.000125270746085385,-5.44042346623386,7.33600079273744,5,150,149,0.5,1,1
"609",0.000125270746085385,-5.44042346623386,7.33600079273744,5,150,149,-16.5,0,1
"610",0.000125270746085385,-5.44042346623386,7.33600079273744,5,150,149,-0.5,1,1
"611",0.000125270746085385,-5.44042346623386,7.33600079273744,5,150,149,-16.5,0,1
"612",0.000125270746085385,-5.44042346623386,7.33600079273744,5,150,149,-3.5,1,1
"613",0.000125270746085385,-5.44042346623386,7.33600079273744,5,150,149,-10.5,0,1
"614",0.000125270746085385,-5.44042346623386,7.33600079273744,5,150,149,-0.5,0,1
"615",0.000125270746085385,-5.44042346623386,7.33600079273744,5,150,149,4.5,1,1
"616",0.000125270746085385,-5.44042346623386,7.33600079273744,5,150,149,4.5,0,1
"617",0.000125270746085385,-5.44042346623386,7.33600079273744,5,150,149,8.5,1,1
"618",0.000125270746085385,-5.44042346623386,7.33600079273744,5,150,149,8.5,1,1
"619",0.000125270746085385,-5.44042346623386,7.33600079273744,5,150,149,-16.5,0,1
"620",0.000125270746085385,-5.44042346623386,7.33600079273744,5,150,149,7.5,1,1
"621",0.000125270746085385,-5.44042346623386,7.33600079273744,5,150,149,-16.5,0,1
"622",0.000125270746085385,-5.44042346623386,7.33600079273744,5,150,149,7.5,1,1
"623",0.000125270746085385,-5.44042346623386,7.33600079273744,5,150,149,-15.5,0,1
"624",0.000125270746085385,-5.44042346623386,7.33600079273744,5,150,149,6.5,1,1
"625",0.000125270746085385,-5.44042346623386,7.33600079273744,5,150,149,-14.5,0,1
"626",0.000125270746085385,-5.44042346623386,7.33600079273744,5,150,149,5.5,0,1
"627",0.000125270746085385,-5.44042346623386,7.33600079273744,5,150,149,9.5,1,1
"628",0.000125270746085385,-5.44042346623386,7.33600079273744,5,150,149,-14.5,0,1
"629",0.000125270746085385,-5.44042346623386,7.33600079273744,5,150,149,9.5,1,1
"630",0.000125270746085385,-5.44042346623386,7.33600079273744,5,150,149,-14.5,0,1
"631",0.000125270746085385,-5.44042346623386,7.33600079273744,5,150,149,8.5,1,1
"632",0.000125270746085385,-5.44042346623386,7.33600079273744,5,150,149,-13.5,0,1
"633",0.000125270746085385,-5.44042346623386,7.33600079273744,5,150,149,-12.5,0,1
"634",0.000125270746085385,-5.44042346623386,7.33600079273744,5,150,149,7.5,1,1
"635",0.000125270746085385,-5.44042346623386,7.33600079273744,5,150,149,-11.5,0,1
"636",0.000125270746085385,-5.44042346623386,7.33600079273744,5,150,149,6.5,1,1
"637",0.000125270746085385,-5.44042346623386,7.33600079273744,5,150,149,-10.5,0,1
"638",0.000125270746085385,-5.44042346623386,7.33600079273744,5,150,149,-10.5,0,1
"639",0.000125270746085385,-5.44042346623386,7.33600079273744,5,150,149,5.5,1,1
"640",0.000125270746085385,-5.44042346623386,7.33600079273744,5,150,149,-9.5,0,1
"641",0.000125270746085385,-5.44042346623386,7.33600079273744,5,150,149,-8.5,1,1
"642",0.000125270746085385,-5.44042346623386,7.33600079273744,5,150,149,5.5,0,1
"643",0.000125270746085385,-5.44042346623386,7.33600079273744,5,150,149,8.5,1,1
"644",0.000125270746085385,-5.44042346623386,7.33600079273744,5,150,149,7.5,1,1
"645",0.000125270746085385,-5.44042346623386,7.33600079273744,5,150,149,-12.5,0,1
"646",0.000125270746085385,-5.44042346623386,7.33600079273744,5,150,149,7.5,1,1
"647",0.000125270746085385,-5.44042346623386,7.33600079273744,5,150,149,-11.5,0,1
"648",0.000125270746085385,-5.44042346623386,7.33600079273744,5,150,149,6.5,1,1
"649",0.000125270746085385,-5.44042346623386,7.33600079273744,5,150,149,-10.5,1,1
"650",0.000125270746085385,-5.44042346623386,7.33600079273744,5,150,149,-13.5,0,1
"651",0.000125270746085385,-5.44042346623386,7.33600079273744,5,150,149,6.5,1,1
"652",0.000125270746085385,-5.44042346623386,7.33600079273744,5,150,149,-12.5,0,1
"653",0.000125270746085385,-5.44042346623386,7.33600079273744,5,150,149,5.5,1,1
"654",0.000125270746085385,-5.44042346623386,7.33600079273744,5,150,149,-12.5,0,1
"655",0.000125270746085385,-5.44042346623386,7.33600079273744,5,150,149,5.5,1,1
"656",0.000125270746085385,-5.44042346623386,7.33600079273744,5,150,149,-11.5,0,1
"657",0.000125270746085385,-5.44042346623386,7.33600079273744,5,150,149,4.5,1,1
"658",0.000125270746085385,-5.44042346623386,7.33600079273744,5,150,149,-11.5,0,1
"659",0.000125270746085385,-5.44042346623386,7.33600079273744,5,150,149,4.5,1,1
"660",0.000125270746085385,-5.44042346623386,7.33600079273744,5,150,149,3.5,1,1
"661",0.000125270746085385,-5.44042346623386,7.33600079273744,5,150,149,-10.5,1,1
"662",0.000125270746085385,-5.44042346623386,7.33600079273744,5,150,149,4.5,1,1
"663",0.000125270746085385,-5.44042346623386,7.33600079273744,5,150,149,-12.5,1,1
"664",0.000125270746085385,-5.44042346623386,7.33600079273744,5,150,149,-14.5,0,1
"665",0.000125270746085385,-5.44042346623386,7.33600079273744,5,150,149,4.5,1,1
"666",0.000125270746085385,-5.44042346623386,7.33600079273744,5,150,149,3.5,0,1
"667",0.000125270746085385,-5.44042346623386,7.33600079273744,5,150,149,-14.5,0,1
"668",0.000125270746085385,-5.44042346623386,7.33600079273744,5,150,149,-13.5,0,1
"669",0.000125270746085385,-5.44042346623386,7.33600079273744,5,150,149,5.5,1,1
"670",0.000125270746085385,-5.44042346623386,7.33600079273744,5,150,149,-13.5,0,1
"671",0.000125270746085385,-5.44042346623386,7.33600079273744,5,150,149,4.5,1,1
"672",0.000125270746085385,-5.44042346623386,7.33600079273744,5,150,149,-12.5,0,1
"673",0.000125270746085385,-5.44042346623386,7.33600079273744,5,150,149,4.5,1,1
"674",0.000125270746085385,-5.44042346623386,7.33600079273744,5,150,149,-12.5,1,1
"675",0.000125270746085385,-5.44042346623386,7.33600079273744,5,150,149,4.5,1,1
"676",0.000125270746085385,-5.44042346623386,7.33600079273744,5,150,149,-13.5,0,1
"677",0.000125270746085385,-5.44042346623386,7.33600079273744,5,150,149,4.5,1,1
"678",0.000125270746085385,-5.44042346623386,7.33600079273744,5,150,149,-13.5,0,1
"679",0.000125270746085385,-5.44042346623386,7.33600079273744,5,150,149,4.5,1,1
"680",0.000125270746085385,-5.44042346623386,7.33600079273744,5,150,149,3.5,1,1
"681",0.000125270746085385,-5.44042346623386,7.33600079273744,5,150,149,-13.5,0,1
"682",0.000125270746085385,-5.44042346623386,7.33600079273744,5,150,149,3.5,1,1
"683",0.000125270746085385,-5.44042346623386,7.33600079273744,5,150,149,-12.5,1,1
"684",0.000125270746085385,-5.44042346623386,7.33600079273744,5,150,149,-14.5,0,1
"685",0.000125270746085385,-5.44042346623386,7.33600079273744,5,150,149,3.5,1,1
"686",0.000125270746085385,-5.44042346623386,7.33600079273744,5,150,149,3.5,0,1
"687",0.000125270746085385,-5.44042346623386,7.33600079273744,5,150,149,-14.5,0,1
"688",0.000125270746085385,-5.44042346623386,7.33600079273744,5,150,149,-13.5,0,1
"689",0.000125270746085385,-5.44042346623386,7.33600079273744,5,150,149,4.5,1,1
"690",0.000125270746085385,-5.44042346623386,7.33600079273744,5,150,149,-13.5,0,1
"691",0.000125270746085385,-5.44042346623386,7.33600079273744,5,150,149,4.5,1,1
"692",0.000125270746085385,-5.44042346623386,7.33600079273744,5,150,149,-13.5,0,1
"693",0.000125270746085385,-5.44042346623386,7.33600079273744,5,150,149,3.5,1,1
"694",0.000125270746085385,-5.44042346623386,7.33600079273744,5,150,149,3.5,1,1
"695",0.000125270746085385,-5.44042346623386,7.33600079273744,5,150,149,-13.5,0,1
"696",0.000125270746085385,-5.44042346623386,7.33600079273744,5,150,149,3.5,1,1
"697",0.000125270746085385,-5.44042346623386,7.33600079273744,5,150,149,-12.5,1,1
"698",0.000125270746085385,-5.44042346623386,7.33600079273744,5,150,149,-13.5,0,1
"699",0.000125270746085385,-5.44042346623386,7.33600079273744,5,150,149,3.5,1,1
"700",0.000125270746085385,-5.44042346623386,7.33600079273744,5,150,149,3.5,1,1
"701",0.000125270746085385,-5.44042346623386,7.33600079273744,5,150,149,-13.5,0,1
"702",0.000125270746085385,-5.44042346623386,7.33600079273744,5,150,149,3.5,1,1
"703",0.000125270746085385,-5.44042346623386,7.33600079273744,5,150,149,2.5,0,1
"704",0.000125270746085385,-5.44042346623386,7.33600079273744,5,150,149,-13.5,0,1
"705",0.000125270746085385,-5.44042346623386,7.33600079273744,5,150,149,-13.5,0,1
"706",0.000125270746085385,-5.44042346623386,7.33600079273744,5,150,149,-13.5,0,1
"707",0.000125270746085385,-5.44042346623386,7.33600079273744,5,150,149,3.5,1,1
"708",0.000125270746085385,-5.44042346623386,7.33600079273744,5,150,149,3.5,1,1
"709",0.000125270746085385,-5.44042346623386,7.33600079273744,5,150,149,-12.5,0,1
"710",0.000125270746085385,-5.44042346623386,7.33600079273744,5,150,149,3.5,1,1
"711",0.000125270746085385,-5.44042346623386,7.33600079273744,5,150,149,-12.5,0,1
"712",0.000125270746085385,-5.44042346623386,7.33600079273744,5,150,149,3.5,1,1
"713",0.000125270746085385,-5.44042346623386,7.33600079273744,5,150,149,-12.5,0,1
"714",0.000125270746085385,-5.44042346623386,7.33600079273744,5,150,149,2.5,1,1
"715",0.000125270746085385,-5.44042346623386,7.33600079273744,5,150,149,2.5,1,1
"716",0.000125270746085385,-5.44042346623386,7.33600079273744,5,150,149,-12.5,0,1
"717",0.000125270746085385,-5.44042346623386,7.33600079273744,5,150,149,2.5,1,1
"718",0.000125270746085385,-5.44042346623386,7.33600079273744,5,150,149,-12.5,0,1
"719",0.000125270746085385,-5.44042346623386,7.33600079273744,5,150,149,2.5,1,1
"720",0.000125270746085385,-5.44042346623386,7.33600079273744,5,150,149,2.5,1,1
"721",0.000125270746085385,-5.44042346623386,7.33600079273744,5,150,149,-12.5,0,1
"722",0.000125270746085385,-5.44042346623386,7.33600079273744,5,150,149,2.5,0,1
"723",0.000125270746085385,-5.44042346623386,7.33600079273744,5,150,149,-12.5,0,1
"724",0.000125270746085385,-5.44042346623386,7.33600079273744,5,150,149,-11.5,1,1
"725",0.000125270746085385,-5.44042346623386,7.33600079273744,5,150,149,-12.5,0,1
"726",0.000125270746085385,-5.44042346623386,7.33600079273744,5,150,149,2.5,1,1
"727",0.000125270746085385,-5.44042346623386,7.33600079273744,5,150,149,2.5,1,1
"728",0.000125270746085385,-5.44042346623386,7.33600079273744,5,150,149,-12.5,0,1
"729",0.000125270746085385,-5.44042346623386,7.33600079273744,5,150,149,2.5,1,1
"730",0.000125270746085385,-5.44042346623386,7.33600079273744,5,150,149,-12.5,0,1
"731",0.000125270746085385,-5.44042346623386,7.33600079273744,5,150,149,2.5,1,1
"732",0.000125270746085385,-5.44042346623386,7.33600079273744,5,150,149,2.5,1,1
"733",0.000125270746085385,-5.44042346623386,7.33600079273744,5,150,149,-12.5,0,1
"734",0.000125270746085385,-5.44042346623386,7.33600079273744,5,150,149,2.5,1,1
"735",0.000125270746085385,-5.44042346623386,7.33600079273744,5,150,149,-11.5,0,1
"736",0.000125270746085385,-5.44042346623386,7.33600079273744,5,150,149,2.5,1,1
"737",0.000125270746085385,-5.44042346623386,7.33600079273744,5,150,149,-11.5,0,1
"738",0.000125270746085385,-5.44042346623386,7.33600079273744,5,150,149,1.5,1,1
"739",0.000125270746085385,-5.44042346623386,7.33600079273744,5,150,149,1.5,1,1
"740",0.000125270746085385,-5.44042346623386,7.33600079273744,5,150,149,-11.5,0,1
"741",0.000125270746085385,-5.44042346623386,7.33600079273744,5,150,149,1.5,0,1
"742",0.000125270746085385,-5.44042346623386,7.33600079273744,5,150,149,-11.5,0,1
"743",0.000125270746085385,-5.44042346623386,7.33600079273744,5,150,149,-11.5,0,1
"744",0.000125270746085385,-5.44042346623386,7.33600079273744,5,150,149,-11.5,0,1
"745",0.000125270746085385,-5.44042346623386,7.33600079273744,5,150,149,2.5,1,1
"746",0.000125270746085385,-5.44042346623386,7.33600079273744,5,150,149,2.5,1,1
"747",0.000125270746085385,-5.44042346623386,7.33600079273744,5,150,149,-11.5,0,1
"748",0.000125270746085385,-5.44042346623386,7.33600079273744,5,150,149,2.5,1,1
"749",0.000125270746085385,-5.44042346623386,7.33600079273744,5,150,149,-11.5,0,1
"750",0.000125270746085385,-5.44042346623386,7.33600079273744,5,150,149,1.5,1,1
"751",0.0149718714703049,-13.8680390853881,10.7492811263419,6,150,149,-0.5,1,1
"752",0.0149718714703049,-13.8680390853881,10.7492811263419,6,150,149,-23.5,0,1
"753",0.0149718714703049,-13.8680390853881,10.7492811263419,6,150,149,-11.5,0,1
"754",0.0149718714703049,-13.8680390853881,10.7492811263419,6,150,149,0.5,1,1
"755",0.0149718714703049,-13.8680390853881,10.7492811263419,6,150,149,-7.5,0,1
"756",0.0149718714703049,-13.8680390853881,10.7492811263419,6,150,149,-3.5,1,1
"757",0.0149718714703049,-13.8680390853881,10.7492811263419,6,150,149,-9.5,1,1
"758",0.0149718714703049,-13.8680390853881,10.7492811263419,6,150,149,-16.5,0,1
"759",0.0149718714703049,-13.8680390853881,10.7492811263419,6,150,149,-15.5,0,1
"760",0.0149718714703049,-13.8680390853881,10.7492811263419,6,150,149,-0.5,1,1
"761",0.0149718714703049,-13.8680390853881,10.7492811263419,6,150,149,-14.5,1,1
"762",0.0149718714703049,-13.8680390853881,10.7492811263419,6,150,149,-20.5,1,1
"763",0.0149718714703049,-13.8680390853881,10.7492811263419,6,150,149,-25.5,0,1
"764",0.0149718714703049,-13.8680390853881,10.7492811263419,6,150,149,-25.5,0,1
"765",0.0149718714703049,-13.8680390853881,10.7492811263419,6,150,149,-0.5,1,1
"766",0.0149718714703049,-13.8680390853881,10.7492811263419,6,150,149,-24.5,0,1
"767",0.0149718714703049,-13.8680390853881,10.7492811263419,6,150,149,-0.5,1,1
"768",0.0149718714703049,-13.8680390853881,10.7492811263419,6,150,149,-24.5,0,1
"769",0.0149718714703049,-13.8680390853881,10.7492811263419,6,150,149,-1.5,0,1
"770",0.0149718714703049,-13.8680390853881,10.7492811263419,6,150,149,2.5,1,1
"771",0.0149718714703049,-13.8680390853881,10.7492811263419,6,150,149,-23.5,0,1
"772",0.0149718714703049,-13.8680390853881,10.7492811263419,6,150,149,2.5,1,1
"773",0.0149718714703049,-13.8680390853881,10.7492811263419,6,150,149,-23.5,1,1
"774",0.0149718714703049,-13.8680390853881,10.7492811263419,6,150,149,-27.5,0,1
"775",0.0149718714703049,-13.8680390853881,10.7492811263419,6,150,149,1.5,1,1
"776",0.0149718714703049,-13.8680390853881,10.7492811263419,6,150,149,-26.5,1,1
"777",0.0149718714703049,-13.8680390853881,10.7492811263419,6,150,149,-29.5,0,1
"778",0.0149718714703049,-13.8680390853881,10.7492811263419,6,150,149,-29.5,0,1
"779",0.0149718714703049,-13.8680390853881,10.7492811263419,6,150,149,1.5,1,1
"780",0.0149718714703049,-13.8680390853881,10.7492811263419,6,150,149,-29.5,0,1
"781",0.0149718714703049,-13.8680390853881,10.7492811263419,6,150,149,1.5,1,1
"782",0.0149718714703049,-13.8680390853881,10.7492811263419,6,150,149,-29.5,1,1
"783",0.0149718714703049,-13.8680390853881,10.7492811263419,6,150,149,-31.5,0,1
"784",0.0149718714703049,-13.8680390853881,10.7492811263419,6,150,149,-31.5,0,1
"785",0.0149718714703049,-13.8680390853881,10.7492811263419,6,150,149,0.5,1,1
"786",0.0149718714703049,-13.8680390853881,10.7492811263419,6,150,149,-31.5,0,1
"787",0.0149718714703049,-13.8680390853881,10.7492811263419,6,150,149,0.5,1,1
"788",0.0149718714703049,-13.8680390853881,10.7492811263419,6,150,149,0.5,1,1
"789",0.0149718714703049,-13.8680390853881,10.7492811263419,6,150,149,-30.5,0,1
"790",0.0149718714703049,-13.8680390853881,10.7492811263419,6,150,149,-0.5,1,1
"791",0.0149718714703049,-13.8680390853881,10.7492811263419,6,150,149,-30.5,0,1
"792",0.0149718714703049,-13.8680390853881,10.7492811263419,6,150,149,-0.5,1,1
"793",0.0149718714703049,-13.8680390853881,10.7492811263419,6,150,149,-30.5,0,1
"794",0.0149718714703049,-13.8680390853881,10.7492811263419,6,150,149,-1.5,1,1
"795",0.0149718714703049,-13.8680390853881,10.7492811263419,6,150,149,-29.5,0,1
"796",0.0149718714703049,-13.8680390853881,10.7492811263419,6,150,149,-1.5,1,1
"797",0.0149718714703049,-13.8680390853881,10.7492811263419,6,150,149,-28.5,0,1
"798",0.0149718714703049,-13.8680390853881,10.7492811263419,6,150,149,-2.5,1,1
"799",0.0149718714703049,-13.8680390853881,10.7492811263419,6,150,149,-28.5,0,1
"800",0.0149718714703049,-13.8680390853881,10.7492811263419,6,150,149,-3.5,1,1
"801",0.0149718714703049,-13.8680390853881,10.7492811263419,6,150,149,-27.5,0,1
"802",0.0149718714703049,-13.8680390853881,10.7492811263419,6,150,149,-3.5,0,1
"803",0.0149718714703049,-13.8680390853881,10.7492811263419,6,150,149,-27.5,0,1
"804",0.0149718714703049,-13.8680390853881,10.7492811263419,6,150,149,-1.5,1,1
"805",0.0149718714703049,-13.8680390853881,10.7492811263419,6,150,149,-27.5,0,1
"806",0.0149718714703049,-13.8680390853881,10.7492811263419,6,150,149,-1.5,1,1
"807",0.0149718714703049,-13.8680390853881,10.7492811263419,6,150,149,-26.5,0,1
"808",0.0149718714703049,-13.8680390853881,10.7492811263419,6,150,149,-2.5,0,1
"809",0.0149718714703049,-13.8680390853881,10.7492811263419,6,150,149,0.5,1,1
"810",0.0149718714703049,-13.8680390853881,10.7492811263419,6,150,149,-26.5,0,1
"811",0.0149718714703049,-13.8680390853881,10.7492811263419,6,150,149,-0.5,1,1
"812",0.0149718714703049,-13.8680390853881,10.7492811263419,6,150,149,-26.5,0,1
"813",0.0149718714703049,-13.8680390853881,10.7492811263419,6,150,149,-25.5,0,1
"814",0.0149718714703049,-13.8680390853881,10.7492811263419,6,150,149,-0.5,1,1
"815",0.0149718714703049,-13.8680390853881,10.7492811263419,6,150,149,-25.5,0,1
"816",0.0149718714703049,-13.8680390853881,10.7492811263419,6,150,149,-1.5,0,1
"817",0.0149718714703049,-13.8680390853881,10.7492811263419,6,150,149,0.5,1,1
"818",0.0149718714703049,-13.8680390853881,10.7492811263419,6,150,149,-25.5,0,1
"819",0.0149718714703049,-13.8680390853881,10.7492811263419,6,150,149,-24.5,0,1
"820",0.0149718714703049,-13.8680390853881,10.7492811263419,6,150,149,0.5,1,1
"821",0.0149718714703049,-13.8680390853881,10.7492811263419,6,150,149,-24.5,0,1
"822",0.0149718714703049,-13.8680390853881,10.7492811263419,6,150,149,-23.5,0,1
"823",0.0149718714703049,-13.8680390853881,10.7492811263419,6,150,149,-0.5,1,1
"824",0.0149718714703049,-13.8680390853881,10.7492811263419,6,150,149,-23.5,0,1
"825",0.0149718714703049,-13.8680390853881,10.7492811263419,6,150,149,-22.5,1,1
"826",0.0149718714703049,-13.8680390853881,10.7492811263419,6,150,149,-0.5,1,1
"827",0.0149718714703049,-13.8680390853881,10.7492811263419,6,150,149,-0.5,1,1
"828",0.0149718714703049,-13.8680390853881,10.7492811263419,6,150,149,-1.5,1,1
"829",0.0149718714703049,-13.8680390853881,10.7492811263419,6,150,149,-24.5,0,1
"830",0.0149718714703049,-13.8680390853881,10.7492811263419,6,150,149,-24.5,0,1
"831",0.0149718714703049,-13.8680390853881,10.7492811263419,6,150,149,-1.5,1,1
"832",0.0149718714703049,-13.8680390853881,10.7492811263419,6,150,149,-23.5,0,1
"833",0.0149718714703049,-13.8680390853881,10.7492811263419,6,150,149,-1.5,1,1
"834",0.0149718714703049,-13.8680390853881,10.7492811263419,6,150,149,-23.5,0,1
"835",0.0149718714703049,-13.8680390853881,10.7492811263419,6,150,149,-23.5,0,1
"836",0.0149718714703049,-13.8680390853881,10.7492811263419,6,150,149,-2.5,1,1
"837",0.0149718714703049,-13.8680390853881,10.7492811263419,6,150,149,-22.5,0,1
"838",0.0149718714703049,-13.8680390853881,10.7492811263419,6,150,149,-2.5,1,1
"839",0.0149718714703049,-13.8680390853881,10.7492811263419,6,150,149,-22.5,0,1
"840",0.0149718714703049,-13.8680390853881,10.7492811263419,6,150,149,-22.5,1,1
"841",0.0149718714703049,-13.8680390853881,10.7492811263419,6,150,149,-2.5,1,1
"842",0.0149718714703049,-13.8680390853881,10.7492811263419,6,150,149,-2.5,1,1
"843",0.0149718714703049,-13.8680390853881,10.7492811263419,6,150,149,-3.5,1,1
"844",0.0149718714703049,-13.8680390853881,10.7492811263419,6,150,149,-23.5,0,1
"845",0.0149718714703049,-13.8680390853881,10.7492811263419,6,150,149,-3.5,1,1
"846",0.0149718714703049,-13.8680390853881,10.7492811263419,6,150,149,-23.5,0,1
"847",0.0149718714703049,-13.8680390853881,10.7492811263419,6,150,149,-3.5,1,1
"848",0.0149718714703049,-13.8680390853881,10.7492811263419,6,150,149,-23.5,1,1
"849",0.0149718714703049,-13.8680390853881,10.7492811263419,6,150,149,-3.5,1,1
"850",0.0149718714703049,-13.8680390853881,10.7492811263419,6,150,149,-4.5,1,1
"851",0.0149718714703049,-13.8680390853881,10.7492811263419,6,150,149,-4.5,1,1
"852",0.0149718714703049,-13.8680390853881,10.7492811263419,6,150,149,-24.5,0,1
"853",0.0149718714703049,-13.8680390853881,10.7492811263419,6,150,149,-4.5,0,1
"854",0.0149718714703049,-13.8680390853881,10.7492811263419,6,150,149,-24.5,0,1
"855",0.0149718714703049,-13.8680390853881,10.7492811263419,6,150,149,-24.5,0,1
"856",0.0149718714703049,-13.8680390853881,10.7492811263419,6,150,149,-3.5,0,1
"857",0.0149718714703049,-13.8680390853881,10.7492811263419,6,150,149,-24.5,1,1
"858",0.0149718714703049,-13.8680390853881,10.7492811263419,6,150,149,-1.5,1,1
"859",0.0149718714703049,-13.8680390853881,10.7492811263419,6,150,149,-25.5,0,1
"860",0.0149718714703049,-13.8680390853881,10.7492811263419,6,150,149,-2.5,1,1
"861",0.0149718714703049,-13.8680390853881,10.7492811263419,6,150,149,-25.5,1,1
"862",0.0149718714703049,-13.8680390853881,10.7492811263419,6,150,149,-1.5,1,1
"863",0.0149718714703049,-13.8680390853881,10.7492811263419,6,150,149,-26.5,0,1
"864",0.0149718714703049,-13.8680390853881,10.7492811263419,6,150,149,-2.5,1,1
"865",0.0149718714703049,-13.8680390853881,10.7492811263419,6,150,149,-26.5,0,1
"866",0.0149718714703049,-13.8680390853881,10.7492811263419,6,150,149,-2.5,1,1
"867",0.0149718714703049,-13.8680390853881,10.7492811263419,6,150,149,-25.5,1,1
"868",0.0149718714703049,-13.8680390853881,10.7492811263419,6,150,149,-2.5,0,1
"869",0.0149718714703049,-13.8680390853881,10.7492811263419,6,150,149,-27.5,0,1
"870",0.0149718714703049,-13.8680390853881,10.7492811263419,6,150,149,-1.5,1,1
"871",0.0149718714703049,-13.8680390853881,10.7492811263419,6,150,149,-26.5,0,1
"872",0.0149718714703049,-13.8680390853881,10.7492811263419,6,150,149,-1.5,1,1
"873",0.0149718714703049,-13.8680390853881,10.7492811263419,6,150,149,-26.5,0,1
"874",0.0149718714703049,-13.8680390853881,10.7492811263419,6,150,149,-1.5,1,1
"875",0.0149718714703049,-13.8680390853881,10.7492811263419,6,150,149,-26.5,0,1
"876",0.0149718714703049,-13.8680390853881,10.7492811263419,6,150,149,-2.5,1,1
"877",0.0149718714703049,-13.8680390853881,10.7492811263419,6,150,149,-26.5,0,1
"878",0.0149718714703049,-13.8680390853881,10.7492811263419,6,150,149,-2.5,1,1
"879",0.0149718714703049,-13.8680390853881,10.7492811263419,6,150,149,-25.5,0,1
"880",0.0149718714703049,-13.8680390853881,10.7492811263419,6,150,149,-2.5,1,1
"881",0.0149718714703049,-13.8680390853881,10.7492811263419,6,150,149,-25.5,0,1
"882",0.0149718714703049,-13.8680390853881,10.7492811263419,6,150,149,-2.5,1,1
"883",0.0149718714703049,-13.8680390853881,10.7492811263419,6,150,149,-25.5,0,1
"884",0.0149718714703049,-13.8680390853881,10.7492811263419,6,150,149,-3.5,1,1
"885",0.0149718714703049,-13.8680390853881,10.7492811263419,6,150,149,-25.5,1,1
"886",0.0149718714703049,-13.8680390853881,10.7492811263419,6,150,149,-2.5,1,1
"887",0.0149718714703049,-13.8680390853881,10.7492811263419,6,150,149,-26.5,0,1
"888",0.0149718714703049,-13.8680390853881,10.7492811263419,6,150,149,-3.5,1,1
"889",0.0149718714703049,-13.8680390853881,10.7492811263419,6,150,149,-3.5,1,1
"890",0.0149718714703049,-13.8680390853881,10.7492811263419,6,150,149,-25.5,0,1
"891",0.0149718714703049,-13.8680390853881,10.7492811263419,6,150,149,-3.5,1,1
"892",0.0149718714703049,-13.8680390853881,10.7492811263419,6,150,149,-25.5,0,1
"893",0.0149718714703049,-13.8680390853881,10.7492811263419,6,150,149,-3.5,1,1
"894",0.0149718714703049,-13.8680390853881,10.7492811263419,6,150,149,-25.5,0,1
"895",0.0149718714703049,-13.8680390853881,10.7492811263419,6,150,149,-3.5,1,1
"896",0.0149718714703049,-13.8680390853881,10.7492811263419,6,150,149,-25.5,0,1
"897",0.0149718714703049,-13.8680390853881,10.7492811263419,6,150,149,-4.5,1,1
"898",0.0149718714703049,-13.8680390853881,10.7492811263419,6,150,149,-25.5,0,1
"899",0.0149718714703049,-13.8680390853881,10.7492811263419,6,150,149,-4.5,1,1
"900",0.0149718714703049,-13.8680390853881,10.7492811263419,6,150,149,-4.5,1,1
"901",0.00523010875860337,-8.42318639101976,13.5976590620875,7,150,149,-0.5,1,1
"902",0.00523010875860337,-8.42318639101976,13.5976590620875,7,150,149,-23.5,0,1
"903",0.00523010875860337,-8.42318639101976,13.5976590620875,7,150,149,-11.5,0,1
"904",0.00523010875860337,-8.42318639101976,13.5976590620875,7,150,149,0.5,0,1
"905",0.00523010875860337,-8.42318639101976,13.5976590620875,7,150,149,12.5,1,1
"906",0.00523010875860337,-8.42318639101976,13.5976590620875,7,150,149,6.5,1,1
"907",0.00523010875860337,-8.42318639101976,13.5976590620875,7,150,149,-6.5,0,1
"908",0.00523010875860337,-8.42318639101976,13.5976590620875,7,150,149,7.5,0,1
"909",0.00523010875860337,-8.42318639101976,13.5976590620875,7,150,149,14.5,1,1
"910",0.00523010875860337,-8.42318639101976,13.5976590620875,7,150,149,13.5,1,1
"911",0.00523010875860337,-8.42318639101976,13.5976590620875,7,150,149,-6.5,1,1
"912",0.00523010875860337,-8.42318639101976,13.5976590620875,7,150,149,-11.5,1,1
"913",0.00523010875860337,-8.42318639101976,13.5976590620875,7,150,149,-15.5,0,1
"914",0.00523010875860337,-8.42318639101976,13.5976590620875,7,150,149,-15.5,0,1
"915",0.00523010875860337,-8.42318639101976,13.5976590620875,7,150,149,9.5,1,1
"916",0.00523010875860337,-8.42318639101976,13.5976590620875,7,150,149,-15.5,1,1
"917",0.00523010875860337,-8.42318639101976,13.5976590620875,7,150,149,-18.5,0,1
"918",0.00523010875860337,-8.42318639101976,13.5976590620875,7,150,149,-18.5,0,1
"919",0.00523010875860337,-8.42318639101976,13.5976590620875,7,150,149,8.5,0,1
"920",0.00523010875860337,-8.42318639101976,13.5976590620875,7,150,149,10.5,1,1
"921",0.00523010875860337,-8.42318639101976,13.5976590620875,7,150,149,-16.5,1,1
"922",0.00523010875860337,-8.42318639101976,13.5976590620875,7,150,149,-17.5,1,1
"923",0.00523010875860337,-8.42318639101976,13.5976590620875,7,150,149,-19.5,0,1
"924",0.00523010875860337,-8.42318639101976,13.5976590620875,7,150,149,-19.5,0,1
"925",0.00523010875860337,-8.42318639101976,13.5976590620875,7,150,149,7.5,1,1
"926",0.00523010875860337,-8.42318639101976,13.5976590620875,7,150,149,-20.5,0,1
"927",0.00523010875860337,-8.42318639101976,13.5976590620875,7,150,149,8.5,1,1
"928",0.00523010875860337,-8.42318639101976,13.5976590620875,7,150,149,-21.5,0,1
"929",0.00523010875860337,-8.42318639101976,13.5976590620875,7,150,149,9.5,1,1
"930",0.00523010875860337,-8.42318639101976,13.5976590620875,7,150,149,-22.5,0,1
"931",0.00523010875860337,-8.42318639101976,13.5976590620875,7,150,149,9.5,1,1
"932",0.00523010875860337,-8.42318639101976,13.5976590620875,7,150,149,-22.5,1,1
"933",0.00523010875860337,-8.42318639101976,13.5976590620875,7,150,149,-23.5,0,1
"934",0.00523010875860337,-8.42318639101976,13.5976590620875,7,150,149,8.5,1,1
"935",0.00523010875860337,-8.42318639101976,13.5976590620875,7,150,149,-24.5,0,1
"936",0.00523010875860337,-8.42318639101976,13.5976590620875,7,150,149,8.5,1,1
"937",0.00523010875860337,-8.42318639101976,13.5976590620875,7,150,149,-24.5,0,1
"938",0.00523010875860337,-8.42318639101976,13.5976590620875,7,150,149,8.5,0,1
"939",0.00523010875860337,-8.42318639101976,13.5976590620875,7,150,149,10.5,1,1
"940",0.00523010875860337,-8.42318639101976,13.5976590620875,7,150,149,-23.5,0,1
"941",0.00523010875860337,-8.42318639101976,13.5976590620875,7,150,149,10.5,1,1
"942",0.00523010875860337,-8.42318639101976,13.5976590620875,7,150,149,-23.5,0,1
"943",0.00523010875860337,-8.42318639101976,13.5976590620875,7,150,149,10.5,1,1
"944",0.00523010875860337,-8.42318639101976,13.5976590620875,7,150,149,-23.5,0,1
"945",0.00523010875860337,-8.42318639101976,13.5976590620875,7,150,149,10.5,1,1
"946",0.00523010875860337,-8.42318639101976,13.5976590620875,7,150,149,-23.5,0,1
"947",0.00523010875860337,-8.42318639101976,13.5976590620875,7,150,149,10.5,1,1
"948",0.00523010875860337,-8.42318639101976,13.5976590620875,7,150,149,-23.5,1,1
"949",0.00523010875860337,-8.42318639101976,13.5976590620875,7,150,149,-25.5,0,1
"950",0.00523010875860337,-8.42318639101976,13.5976590620875,7,150,149,9.5,1,1
"951",0.00523010875860337,-8.42318639101976,13.5976590620875,7,150,149,-25.5,0,1
"952",0.00523010875860337,-8.42318639101976,13.5976590620875,7,150,149,9.5,1,1
"953",0.00523010875860337,-8.42318639101976,13.5976590620875,7,150,149,-25.5,0,1
"954",0.00523010875860337,-8.42318639101976,13.5976590620875,7,150,149,9.5,1,1
"955",0.00523010875860337,-8.42318639101976,13.5976590620875,7,150,149,-24.5,1,1
"956",0.00523010875860337,-8.42318639101976,13.5976590620875,7,150,149,-26.5,0,1
"957",0.00523010875860337,-8.42318639101976,13.5976590620875,7,150,149,9.5,1,1
"958",0.00523010875860337,-8.42318639101976,13.5976590620875,7,150,149,-26.5,0,1
"959",0.00523010875860337,-8.42318639101976,13.5976590620875,7,150,149,8.5,0,1
"960",0.00523010875860337,-8.42318639101976,13.5976590620875,7,150,149,10.5,1,1
"961",0.00523010875860337,-8.42318639101976,13.5976590620875,7,150,149,-25.5,0,1
"962",0.00523010875860337,-8.42318639101976,13.5976590620875,7,150,149,10.5,1,1
"963",0.00523010875860337,-8.42318639101976,13.5976590620875,7,150,149,-25.5,0,1
"964",0.00523010875860337,-8.42318639101976,13.5976590620875,7,150,149,10.5,1,1
"965",0.00523010875860337,-8.42318639101976,13.5976590620875,7,150,149,-25.5,0,1
"966",0.00523010875860337,-8.42318639101976,13.5976590620875,7,150,149,10.5,1,1
"967",0.00523010875860337,-8.42318639101976,13.5976590620875,7,150,149,-25.5,0,1
"968",0.00523010875860337,-8.42318639101976,13.5976590620875,7,150,149,9.5,0,1
"969",0.00523010875860337,-8.42318639101976,13.5976590620875,7,150,149,11.5,1,1
"970",0.00523010875860337,-8.42318639101976,13.5976590620875,7,150,149,-25.5,0,1
"971",0.00523010875860337,-8.42318639101976,13.5976590620875,7,150,149,11.5,1,1
"972",0.00523010875860337,-8.42318639101976,13.5976590620875,7,150,149,-24.5,0,1
"973",0.00523010875860337,-8.42318639101976,13.5976590620875,7,150,149,11.5,1,1
"974",0.00523010875860337,-8.42318639101976,13.5976590620875,7,150,149,-24.5,1,1
"975",0.00523010875860337,-8.42318639101976,13.5976590620875,7,150,149,-26.5,0,1
"976",0.00523010875860337,-8.42318639101976,13.5976590620875,7,150,149,10.5,1,1
"977",0.00523010875860337,-8.42318639101976,13.5976590620875,7,150,149,-26.5,0,1
"978",0.00523010875860337,-8.42318639101976,13.5976590620875,7,150,149,10.5,1,1
"979",0.00523010875860337,-8.42318639101976,13.5976590620875,7,150,149,-25.5,0,1
"980",0.00523010875860337,-8.42318639101976,13.5976590620875,7,150,149,10.5,1,1
"981",0.00523010875860337,-8.42318639101976,13.5976590620875,7,150,149,-25.5,0,1
"982",0.00523010875860337,-8.42318639101976,13.5976590620875,7,150,149,10.5,1,1
"983",0.00523010875860337,-8.42318639101976,13.5976590620875,7,150,149,-25.5,0,1
"984",0.00523010875860337,-8.42318639101976,13.5976590620875,7,150,149,9.5,1,1
"985",0.00523010875860337,-8.42318639101976,13.5976590620875,7,150,149,-25.5,0,1
"986",0.00523010875860337,-8.42318639101976,13.5976590620875,7,150,149,9.5,1,1
"987",0.00523010875860337,-8.42318639101976,13.5976590620875,7,150,149,-24.5,0,1
"988",0.00523010875860337,-8.42318639101976,13.5976590620875,7,150,149,9.5,1,1
"989",0.00523010875860337,-8.42318639101976,13.5976590620875,7,150,149,-24.5,1,1
"990",0.00523010875860337,-8.42318639101976,13.5976590620875,7,150,149,-26.5,0,1
"991",0.00523010875860337,-8.42318639101976,13.5976590620875,7,150,149,9.5,0,1
"992",0.00523010875860337,-8.42318639101976,13.5976590620875,7,150,149,10.5,1,1
"993",0.00523010875860337,-8.42318639101976,13.5976590620875,7,150,149,-26.5,0,1
"994",0.00523010875860337,-8.42318639101976,13.5976590620875,7,150,149,10.5,0,1
"995",0.00523010875860337,-8.42318639101976,13.5976590620875,7,150,149,-25.5,0,1
"996",0.00523010875860337,-8.42318639101976,13.5976590620875,7,150,149,12.5,1,1
"997",0.00523010875860337,-8.42318639101976,13.5976590620875,7,150,149,-25.5,0,1
"998",0.00523010875860337,-8.42318639101976,13.5976590620875,7,150,149,11.5,1,1
"999",0.00523010875860337,-8.42318639101976,13.5976590620875,7,150,149,-25.5,0,1
"1000",0.00523010875860337,-8.42318639101976,13.5976590620875,7,150,149,11.5,0,1
"1001",0.00523010875860337,-8.42318639101976,13.5976590620875,7,150,149,13.5,1,1
"1002",0.00523010875860337,-8.42318639101976,13.5976590620875,7,150,149,-25.5,0,1
"1003",0.00523010875860337,-8.42318639101976,13.5976590620875,7,150,149,12.5,1,1
"1004",0.00523010875860337,-8.42318639101976,13.5976590620875,7,150,149,-25.5,1,1
"1005",0.00523010875860337,-8.42318639101976,13.5976590620875,7,150,149,-26.5,0,1
"1006",0.00523010875860337,-8.42318639101976,13.5976590620875,7,150,149,12.5,1,1
"1007",0.00523010875860337,-8.42318639101976,13.5976590620875,7,150,149,-26.5,0,1
"1008",0.00523010875860337,-8.42318639101976,13.5976590620875,7,150,149,12.5,1,1
"1009",0.00523010875860337,-8.42318639101976,13.5976590620875,7,150,149,-26.5,0,1
"1010",0.00523010875860337,-8.42318639101976,13.5976590620875,7,150,149,12.5,1,1
"1011",0.00523010875860337,-8.42318639101976,13.5976590620875,7,150,149,-25.5,0,1
"1012",0.00523010875860337,-8.42318639101976,13.5976590620875,7,150,149,11.5,1,1
"1013",0.00523010875860337,-8.42318639101976,13.5976590620875,7,150,149,-25.5,0,1
"1014",0.00523010875860337,-8.42318639101976,13.5976590620875,7,150,149,11.5,1,1
"1015",0.00523010875860337,-8.42318639101976,13.5976590620875,7,150,149,-25.5,0,1
"1016",0.00523010875860337,-8.42318639101976,13.5976590620875,7,150,149,11.5,1,1
"1017",0.00523010875860337,-8.42318639101976,13.5976590620875,7,150,149,-25.5,0,1
"1018",0.00523010875860337,-8.42318639101976,13.5976590620875,7,150,149,11.5,1,1
"1019",0.00523010875860337,-8.42318639101976,13.5976590620875,7,150,149,-24.5,0,1
"1020",0.00523010875860337,-8.42318639101976,13.5976590620875,7,150,149,10.5,1,1
"1021",0.00523010875860337,-8.42318639101976,13.5976590620875,7,150,149,-24.5,0,1
"1022",0.00523010875860337,-8.42318639101976,13.5976590620875,7,150,149,10.5,1,1
"1023",0.00523010875860337,-8.42318639101976,13.5976590620875,7,150,149,-24.5,0,1
"1024",0.00523010875860337,-8.42318639101976,13.5976590620875,7,150,149,10.5,1,1
"1025",0.00523010875860337,-8.42318639101976,13.5976590620875,7,150,149,-23.5,0,1
"1026",0.00523010875860337,-8.42318639101976,13.5976590620875,7,150,149,10.5,1,1
"1027",0.00523010875860337,-8.42318639101976,13.5976590620875,7,150,149,-23.5,0,1
"1028",0.00523010875860337,-8.42318639101976,13.5976590620875,7,150,149,9.5,1,1
"1029",0.00523010875860337,-8.42318639101976,13.5976590620875,7,150,149,-23.5,1,1
"1030",0.00523010875860337,-8.42318639101976,13.5976590620875,7,150,149,9.5,1,1
"1031",0.00523010875860337,-8.42318639101976,13.5976590620875,7,150,149,-24.5,0,1
"1032",0.00523010875860337,-8.42318639101976,13.5976590620875,7,150,149,9.5,1,1
"1033",0.00523010875860337,-8.42318639101976,13.5976590620875,7,150,149,-24.5,1,1
"1034",0.00523010875860337,-8.42318639101976,13.5976590620875,7,150,149,9.5,1,1
"1035",0.00523010875860337,-8.42318639101976,13.5976590620875,7,150,149,-25.5,1,1
"1036",0.00523010875860337,-8.42318639101976,13.5976590620875,7,150,149,-26.5,0,1
"1037",0.00523010875860337,-8.42318639101976,13.5976590620875,7,150,149,9.5,1,1
"1038",0.00523010875860337,-8.42318639101976,13.5976590620875,7,150,149,-26.5,0,1
"1039",0.00523010875860337,-8.42318639101976,13.5976590620875,7,150,149,9.5,1,1
"1040",0.00523010875860337,-8.42318639101976,13.5976590620875,7,150,149,-26.5,1,1
"1041",0.00523010875860337,-8.42318639101976,13.5976590620875,7,150,149,-27.5,0,1
"1042",0.00523010875860337,-8.42318639101976,13.5976590620875,7,150,149,9.5,1,1
"1043",0.00523010875860337,-8.42318639101976,13.5976590620875,7,150,149,9.5,1,1
"1044",0.00523010875860337,-8.42318639101976,13.5976590620875,7,150,149,-27.5,0,1
"1045",0.00523010875860337,-8.42318639101976,13.5976590620875,7,150,149,9.5,1,1
"1046",0.00523010875860337,-8.42318639101976,13.5976590620875,7,150,149,-26.5,0,1
"1047",0.00523010875860337,-8.42318639101976,13.5976590620875,7,150,149,8.5,1,1
"1048",0.00523010875860337,-8.42318639101976,13.5976590620875,7,150,149,-26.5,0,1
"1049",0.00523010875860337,-8.42318639101976,13.5976590620875,7,150,149,8.5,1,1
"1050",0.00523010875860337,-8.42318639101976,13.5976590620875,7,150,149,-26.5,0,1
"1051",0.00539149012046524,-6.07453837252257,9.55891218534301,8,150,149,-0.5,1,1
"1052",0.00539149012046524,-6.07453837252257,9.55891218534301,8,150,149,-23.5,0,1
"1053",0.00539149012046524,-6.07453837252257,9.55891218534301,8,150,149,-11.5,0,1
"1054",0.00539149012046524,-6.07453837252257,9.55891218534301,8,150,149,0.5,1,1
"1055",0.00539149012046524,-6.07453837252257,9.55891218534301,8,150,149,-7.5,1,1
"1056",0.00539149012046524,-6.07453837252257,9.55891218534301,8,150,149,-14.5,0,1
"1057",0.00539149012046524,-6.07453837252257,9.55891218534301,8,150,149,-6.5,1,1
"1058",0.00539149012046524,-6.07453837252257,9.55891218534301,8,150,149,-13.5,1,1
"1059",0.00539149012046524,-6.07453837252257,9.55891218534301,8,150,149,-20.5,0,1
"1060",0.00539149012046524,-6.07453837252257,9.55891218534301,8,150,149,-19.5,0,1
"1061",0.00539149012046524,-6.07453837252257,9.55891218534301,8,150,149,-5.5,1,1
"1062",0.00539149012046524,-6.07453837252257,9.55891218534301,8,150,149,-18.5,0,1
"1063",0.00539149012046524,-6.07453837252257,9.55891218534301,8,150,149,-6.5,1,1
"1064",0.00539149012046524,-6.07453837252257,9.55891218534301,8,150,149,-17.5,0,1
"1065",0.00539149012046524,-6.07453837252257,9.55891218534301,8,150,149,-9.5,1,1
"1066",0.00539149012046524,-6.07453837252257,9.55891218534301,8,150,149,-16.5,0,1
"1067",0.00539149012046524,-6.07453837252257,9.55891218534301,8,150,149,-9.5,1,1
"1068",0.00539149012046524,-6.07453837252257,9.55891218534301,8,150,149,-15.5,0,1
"1069",0.00539149012046524,-6.07453837252257,9.55891218534301,8,150,149,-11.5,1,1
"1070",0.00539149012046524,-6.07453837252257,9.55891218534301,8,150,149,-15.5,0,1
"1071",0.00539149012046524,-6.07453837252257,9.55891218534301,8,150,149,-10.5,1,1
"1072",0.00539149012046524,-6.07453837252257,9.55891218534301,8,150,149,-12.5,0,1
"1073",0.00539149012046524,-6.07453837252257,9.55891218534301,8,150,149,-9.5,0,1
"1074",0.00539149012046524,-6.07453837252257,9.55891218534301,8,150,149,-7.5,0,1
"1075",0.00539149012046524,-6.07453837252257,9.55891218534301,8,150,149,-4.5,0,1
"1076",0.00539149012046524,-6.07453837252257,9.55891218534301,8,150,149,-0.5,0,1
"1077",0.00539149012046524,-6.07453837252257,9.55891218534301,8,150,149,4.5,1,1
"1078",0.00539149012046524,-6.07453837252257,9.55891218534301,8,150,149,3.5,1,1
"1079",0.00539149012046524,-6.07453837252257,9.55891218534301,8,150,149,3.5,1,1
"1080",0.00539149012046524,-6.07453837252257,9.55891218534301,8,150,149,2.5,0,1
"1081",0.00539149012046524,-6.07453837252257,9.55891218534301,8,150,149,6.5,1,1
"1082",0.00539149012046524,-6.07453837252257,9.55891218534301,8,150,149,6.5,1,1
"1083",0.00539149012046524,-6.07453837252257,9.55891218534301,8,150,149,5.5,1,1
"1084",0.00539149012046524,-6.07453837252257,9.55891218534301,8,150,149,-22.5,0,1
"1085",0.00539149012046524,-6.07453837252257,9.55891218534301,8,150,149,5.5,1,1
"1086",0.00539149012046524,-6.07453837252257,9.55891218534301,8,150,149,-21.5,0,1
"1087",0.00539149012046524,-6.07453837252257,9.55891218534301,8,150,149,4.5,1,1
"1088",0.00539149012046524,-6.07453837252257,9.55891218534301,8,150,149,-21.5,0,1
"1089",0.00539149012046524,-6.07453837252257,9.55891218534301,8,150,149,3.5,1,1
"1090",0.00539149012046524,-6.07453837252257,9.55891218534301,8,150,149,-20.5,0,1
"1091",0.00539149012046524,-6.07453837252257,9.55891218534301,8,150,149,3.5,1,1
"1092",0.00539149012046524,-6.07453837252257,9.55891218534301,8,150,149,-19.5,0,1
"1093",0.00539149012046524,-6.07453837252257,9.55891218534301,8,150,149,2.5,1,1
"1094",0.00539149012046524,-6.07453837252257,9.55891218534301,8,150,149,-19.5,0,1
"1095",0.00539149012046524,-6.07453837252257,9.55891218534301,8,150,149,1.5,1,1
"1096",0.00539149012046524,-6.07453837252257,9.55891218534301,8,150,149,1.5,1,1
"1097",0.00539149012046524,-6.07453837252257,9.55891218534301,8,150,149,-18.5,0,1
"1098",0.00539149012046524,-6.07453837252257,9.55891218534301,8,150,149,0.5,0,1
"1099",0.00539149012046524,-6.07453837252257,9.55891218534301,8,150,149,-18.5,0,1
"1100",0.00539149012046524,-6.07453837252257,9.55891218534301,8,150,149,3.5,0,1
"1101",0.00539149012046524,-6.07453837252257,9.55891218534301,8,150,149,5.5,1,1
"1102",0.00539149012046524,-6.07453837252257,9.55891218534301,8,150,149,5.5,1,1
"1103",0.00539149012046524,-6.07453837252257,9.55891218534301,8,150,149,-19.5,0,1
"1104",0.00539149012046524,-6.07453837252257,9.55891218534301,8,150,149,4.5,1,1
"1105",0.00539149012046524,-6.07453837252257,9.55891218534301,8,150,149,-18.5,0,1
"1106",0.00539149012046524,-6.07453837252257,9.55891218534301,8,150,149,4.5,1,1
"1107",0.00539149012046524,-6.07453837252257,9.55891218534301,8,150,149,-17.5,0,1
"1108",0.00539149012046524,-6.07453837252257,9.55891218534301,8,150,149,3.5,1,1
"1109",0.00539149012046524,-6.07453837252257,9.55891218534301,8,150,149,-17.5,0,1
"1110",0.00539149012046524,-6.07453837252257,9.55891218534301,8,150,149,3.5,1,1
"1111",0.00539149012046524,-6.07453837252257,9.55891218534301,8,150,149,-16.5,0,1
"1112",0.00539149012046524,-6.07453837252257,9.55891218534301,8,150,149,2.5,0,1
"1113",0.00539149012046524,-6.07453837252257,9.55891218534301,8,150,149,-17.5,0,1
"1114",0.00539149012046524,-6.07453837252257,9.55891218534301,8,150,149,4.5,1,1
"1115",0.00539149012046524,-6.07453837252257,9.55891218534301,8,150,149,-16.5,0,1
"1116",0.00539149012046524,-6.07453837252257,9.55891218534301,8,150,149,3.5,1,1
"1117",0.00539149012046524,-6.07453837252257,9.55891218534301,8,150,149,-16.5,0,1
"1118",0.00539149012046524,-6.07453837252257,9.55891218534301,8,150,149,3.5,1,1
"1119",0.00539149012046524,-6.07453837252257,9.55891218534301,8,150,149,-15.5,0,1
"1120",0.00539149012046524,-6.07453837252257,9.55891218534301,8,150,149,3.5,0,1
"1121",0.00539149012046524,-6.07453837252257,9.55891218534301,8,150,149,4.5,1,1
"1122",0.00539149012046524,-6.07453837252257,9.55891218534301,8,150,149,-16.5,0,1
"1123",0.00539149012046524,-6.07453837252257,9.55891218534301,8,150,149,4.5,1,1
"1124",0.00539149012046524,-6.07453837252257,9.55891218534301,8,150,149,-15.5,0,1
"1125",0.00539149012046524,-6.07453837252257,9.55891218534301,8,150,149,-15.5,0,1
"1126",0.00539149012046524,-6.07453837252257,9.55891218534301,8,150,149,3.5,1,1
"1127",0.00539149012046524,-6.07453837252257,9.55891218534301,8,150,149,-15.5,0,1
"1128",0.00539149012046524,-6.07453837252257,9.55891218534301,8,150,149,3.5,1,1
"1129",0.00539149012046524,-6.07453837252257,9.55891218534301,8,150,149,-14.5,0,1
"1130",0.00539149012046524,-6.07453837252257,9.55891218534301,8,150,149,3.5,1,1
"1131",0.00539149012046524,-6.07453837252257,9.55891218534301,8,150,149,-14.5,0,1
"1132",0.00539149012046524,-6.07453837252257,9.55891218534301,8,150,149,2.5,0,1
"1133",0.00539149012046524,-6.07453837252257,9.55891218534301,8,150,149,4.5,1,1
"1134",0.00539149012046524,-6.07453837252257,9.55891218534301,8,150,149,-14.5,0,1
"1135",0.00539149012046524,-6.07453837252257,9.55891218534301,8,150,149,-14.5,0,1
"1136",0.00539149012046524,-6.07453837252257,9.55891218534301,8,150,149,3.5,1,1
"1137",0.00539149012046524,-6.07453837252257,9.55891218534301,8,150,149,-14.5,0,1
"1138",0.00539149012046524,-6.07453837252257,9.55891218534301,8,150,149,3.5,0,1
"1139",0.00539149012046524,-6.07453837252257,9.55891218534301,8,150,149,4.5,1,1
"1140",0.00539149012046524,-6.07453837252257,9.55891218534301,8,150,149,-14.5,0,1
"1141",0.00539149012046524,-6.07453837252257,9.55891218534301,8,150,149,4.5,1,1
"1142",0.00539149012046524,-6.07453837252257,9.55891218534301,8,150,149,-13.5,0,1
"1143",0.00539149012046524,-6.07453837252257,9.55891218534301,8,150,149,-13.5,1,1
"1144",0.00539149012046524,-6.07453837252257,9.55891218534301,8,150,149,4.5,1,1
"1145",0.00539149012046524,-6.07453837252257,9.55891218534301,8,150,149,4.5,1,1
"1146",0.00539149012046524,-6.07453837252257,9.55891218534301,8,150,149,-14.5,0,1
"1147",0.00539149012046524,-6.07453837252257,9.55891218534301,8,150,149,-14.5,1,1
"1148",0.00539149012046524,-6.07453837252257,9.55891218534301,8,150,149,4.5,0,1
"1149",0.00539149012046524,-6.07453837252257,9.55891218534301,8,150,149,5.5,1,1
"1150",0.00539149012046524,-6.07453837252257,9.55891218534301,8,150,149,5.5,1,1
"1151",0.00539149012046524,-6.07453837252257,9.55891218534301,8,150,149,-15.5,1,1
"1152",0.00539149012046524,-6.07453837252257,9.55891218534301,8,150,149,-16.5,0,1
"1153",0.00539149012046524,-6.07453837252257,9.55891218534301,8,150,149,5.5,1,1
"1154",0.00539149012046524,-6.07453837252257,9.55891218534301,8,150,149,-16.5,0,1
"1155",0.00539149012046524,-6.07453837252257,9.55891218534301,8,150,149,5.5,1,1
"1156",0.00539149012046524,-6.07453837252257,9.55891218534301,8,150,149,-16.5,1,1
"1157",0.00539149012046524,-6.07453837252257,9.55891218534301,8,150,149,5.5,1,1
"1158",0.00539149012046524,-6.07453837252257,9.55891218534301,8,150,149,-17.5,0,1
"1159",0.00539149012046524,-6.07453837252257,9.55891218534301,8,150,149,-17.5,0,1
"1160",0.00539149012046524,-6.07453837252257,9.55891218534301,8,150,149,5.5,0,1
"1161",0.00539149012046524,-6.07453837252257,9.55891218534301,8,150,149,6.5,1,1
"1162",0.00539149012046524,-6.07453837252257,9.55891218534301,8,150,149,-17.5,1,1
"1163",0.00539149012046524,-6.07453837252257,9.55891218534301,8,150,149,6.5,1,1
"1164",0.00539149012046524,-6.07453837252257,9.55891218534301,8,150,149,-18.5,0,1
"1165",0.00539149012046524,-6.07453837252257,9.55891218534301,8,150,149,6.5,0,1
"1166",0.00539149012046524,-6.07453837252257,9.55891218534301,8,150,149,7.5,1,1
"1167",0.00539149012046524,-6.07453837252257,9.55891218534301,8,150,149,-18.5,0,1
"1168",0.00539149012046524,-6.07453837252257,9.55891218534301,8,150,149,7.5,1,1
"1169",0.00539149012046524,-6.07453837252257,9.55891218534301,8,150,149,-18.5,0,1
"1170",0.00539149012046524,-6.07453837252257,9.55891218534301,8,150,149,6.5,1,1
"1171",0.00539149012046524,-6.07453837252257,9.55891218534301,8,150,149,-18.5,0,1
"1172",0.00539149012046524,-6.07453837252257,9.55891218534301,8,150,149,6.5,1,1
"1173",0.00539149012046524,-6.07453837252257,9.55891218534301,8,150,149,-17.5,0,1
"1174",0.00539149012046524,-6.07453837252257,9.55891218534301,8,150,149,6.5,1,1
"1175",0.00539149012046524,-6.07453837252257,9.55891218534301,8,150,149,-17.5,0,1
"1176",0.00539149012046524,-6.07453837252257,9.55891218534301,8,150,149,6.5,1,1
"1177",0.00539149012046524,-6.07453837252257,9.55891218534301,8,150,149,-17.5,1,1
"1178",0.00539149012046524,-6.07453837252257,9.55891218534301,8,150,149,-18.5,0,1
"1179",0.00539149012046524,-6.07453837252257,9.55891218534301,8,150,149,6.5,1,1
"1180",0.00539149012046524,-6.07453837252257,9.55891218534301,8,150,149,-18.5,0,1
"1181",0.00539149012046524,-6.07453837252257,9.55891218534301,8,150,149,5.5,1,1
"1182",0.00539149012046524,-6.07453837252257,9.55891218534301,8,150,149,-17.5,0,1
"1183",0.00539149012046524,-6.07453837252257,9.55891218534301,8,150,149,5.5,1,1
"1184",0.00539149012046524,-6.07453837252257,9.55891218534301,8,150,149,-17.5,0,1
"1185",0.00539149012046524,-6.07453837252257,9.55891218534301,8,150,149,5.5,1,1
"1186",0.00539149012046524,-6.07453837252257,9.55891218534301,8,150,149,-17.5,0,1
"1187",0.00539149012046524,-6.07453837252257,9.55891218534301,8,150,149,5.5,1,1
"1188",0.00539149012046524,-6.07453837252257,9.55891218534301,8,150,149,-17.5,0,1
"1189",0.00539149012046524,-6.07453837252257,9.55891218534301,8,150,149,5.5,1,1
"1190",0.00539149012046524,-6.07453837252257,9.55891218534301,8,150,149,-17.5,0,1
"1191",0.00539149012046524,-6.07453837252257,9.55891218534301,8,150,149,4.5,0,1
"1192",0.00539149012046524,-6.07453837252257,9.55891218534301,8,150,149,-17.5,0,1
"1193",0.00539149012046524,-6.07453837252257,9.55891218534301,8,150,149,5.5,1,1
"1194",0.00539149012046524,-6.07453837252257,9.55891218534301,8,150,149,-16.5,0,1
"1195",0.00539149012046524,-6.07453837252257,9.55891218534301,8,150,149,5.5,1,1
"1196",0.00539149012046524,-6.07453837252257,9.55891218534301,8,150,149,-16.5,0,1
"1197",0.00539149012046524,-6.07453837252257,9.55891218534301,8,150,149,5.5,1,1
"1198",0.00539149012046524,-6.07453837252257,9.55891218534301,8,150,149,-16.5,0,1
"1199",0.00539149012046524,-6.07453837252257,9.55891218534301,8,150,149,5.5,1,1
"1200",0.00539149012046524,-6.07453837252257,9.55891218534301,8,150,149,-16.5,0,1
"1201",0.0198511657000306,2.63931618515242,14.6960854946147,9,150,149,-0.5,0,1
"1202",0.0198511657000306,2.63931618515242,14.6960854946147,9,150,149,22.5,1,1
"1203",0.0198511657000306,2.63931618515242,14.6960854946147,9,150,149,10.5,1,1
"1204",0.0198511657000306,2.63931618515242,14.6960854946147,9,150,149,-1.5,1,1
"1205",0.0198511657000306,2.63931618515242,14.6960854946147,9,150,149,-13.5,0,1
"1206",0.0198511657000306,2.63931618515242,14.6960854946147,9,150,149,-7.5,0,1
"1207",0.0198511657000306,2.63931618515242,14.6960854946147,9,150,149,5.5,1,1
"1208",0.0198511657000306,2.63931618515242,14.6960854946147,9,150,149,-8.5,0,1
"1209",0.0198511657000306,2.63931618515242,14.6960854946147,9,150,149,5.5,1,1
"1210",0.0198511657000306,2.63931618515242,14.6960854946147,9,150,149,-7.5,0,1
"1211",0.0198511657000306,2.63931618515242,14.6960854946147,9,150,149,4.5,1,1
"1212",0.0198511657000306,2.63931618515242,14.6960854946147,9,150,149,-5.5,1,1
"1213",0.0198511657000306,2.63931618515242,14.6960854946147,9,150,149,-11.5,0,1
"1214",0.0198511657000306,2.63931618515242,14.6960854946147,9,150,149,4.5,1,1
"1215",0.0198511657000306,2.63931618515242,14.6960854946147,9,150,149,-10.5,0,1
"1216",0.0198511657000306,2.63931618515242,14.6960854946147,9,150,149,2.5,0,1
"1217",0.0198511657000306,2.63931618515242,14.6960854946147,9,150,149,8.5,0,1
"1218",0.0198511657000306,2.63931618515242,14.6960854946147,9,150,149,12.5,1,1
"1219",0.0198511657000306,2.63931618515242,14.6960854946147,9,150,149,12.5,1,1
"1220",0.0198511657000306,2.63931618515242,14.6960854946147,9,150,149,-11.5,0,1
"1221",0.0198511657000306,2.63931618515242,14.6960854946147,9,150,149,11.5,0,1
"1222",0.0198511657000306,2.63931618515242,14.6960854946147,9,150,149,15.5,1,1
"1223",0.0198511657000306,2.63931618515242,14.6960854946147,9,150,149,-11.5,0,1
"1224",0.0198511657000306,2.63931618515242,14.6960854946147,9,150,149,15.5,1,1
"1225",0.0198511657000306,2.63931618515242,14.6960854946147,9,150,149,-11.5,1,1
"1226",0.0198511657000306,2.63931618515242,14.6960854946147,9,150,149,-14.5,1,1
"1227",0.0198511657000306,2.63931618515242,14.6960854946147,9,150,149,-17.5,0,1
"1228",0.0198511657000306,2.63931618515242,14.6960854946147,9,150,149,-17.5,0,1
"1229",0.0198511657000306,2.63931618515242,14.6960854946147,9,150,149,14.5,1,1
"1230",0.0198511657000306,2.63931618515242,14.6960854946147,9,150,149,-17.5,0,1
"1231",0.0198511657000306,2.63931618515242,14.6960854946147,9,150,149,14.5,1,1
"1232",0.0198511657000306,2.63931618515242,14.6960854946147,9,150,149,-16.5,0,1
"1233",0.0198511657000306,2.63931618515242,14.6960854946147,9,150,149,14.5,1,1
"1234",0.0198511657000306,2.63931618515242,14.6960854946147,9,150,149,-16.5,0,1
"1235",0.0198511657000306,2.63931618515242,14.6960854946147,9,150,149,14.5,1,1
"1236",0.0198511657000306,2.63931618515242,14.6960854946147,9,150,149,-16.5,0,1
"1237",0.0198511657000306,2.63931618515242,14.6960854946147,9,150,149,13.5,1,1
"1238",0.0198511657000306,2.63931618515242,14.6960854946147,9,150,149,-15.5,1,1
"1239",0.0198511657000306,2.63931618515242,14.6960854946147,9,150,149,-18.5,0,1
"1240",0.0198511657000306,2.63931618515242,14.6960854946147,9,150,149,13.5,0,1
"1241",0.0198511657000306,2.63931618515242,14.6960854946147,9,150,149,15.5,0,1
"1242",0.0198511657000306,2.63931618515242,14.6960854946147,9,150,149,17.5,1,1
"1243",0.0198511657000306,2.63931618515242,14.6960854946147,9,150,149,-17.5,0,1
"1244",0.0198511657000306,2.63931618515242,14.6960854946147,9,150,149,17.5,1,1
"1245",0.0198511657000306,2.63931618515242,14.6960854946147,9,150,149,-17.5,0,1
"1246",0.0198511657000306,2.63931618515242,14.6960854946147,9,150,149,17.5,1,1
"1247",0.0198511657000306,2.63931618515242,14.6960854946147,9,150,149,-17.5,0,1
"1248",0.0198511657000306,2.63931618515242,14.6960854946147,9,150,149,17.5,1,1
"1249",0.0198511657000306,2.63931618515242,14.6960854946147,9,150,149,-17.5,0,1
"1250",0.0198511657000306,2.63931618515242,14.6960854946147,9,150,149,17.5,1,1
"1251",0.0198511657000306,2.63931618515242,14.6960854946147,9,150,149,-16.5,1,1
"1252",0.0198511657000306,2.63931618515242,14.6960854946147,9,150,149,-18.5,0,1
"1253",0.0198511657000306,2.63931618515242,14.6960854946147,9,150,149,16.5,1,1
"1254",0.0198511657000306,2.63931618515242,14.6960854946147,9,150,149,-18.5,0,1
"1255",0.0198511657000306,2.63931618515242,14.6960854946147,9,150,149,16.5,1,1
"1256",0.0198511657000306,2.63931618515242,14.6960854946147,9,150,149,-18.5,0,1
"1257",0.0198511657000306,2.63931618515242,14.6960854946147,9,150,149,16.5,1,1
"1258",0.0198511657000306,2.63931618515242,14.6960854946147,9,150,149,-18.5,0,1
"1259",0.0198511657000306,2.63931618515242,14.6960854946147,9,150,149,16.5,1,1
"1260",0.0198511657000306,2.63931618515242,14.6960854946147,9,150,149,-17.5,0,1
"1261",0.0198511657000306,2.63931618515242,14.6960854946147,9,150,149,15.5,1,1
"1262",0.0198511657000306,2.63931618515242,14.6960854946147,9,150,149,-17.5,0,1
"1263",0.0198511657000306,2.63931618515242,14.6960854946147,9,150,149,15.5,1,1
"1264",0.0198511657000306,2.63931618515242,14.6960854946147,9,150,149,-17.5,1,1
"1265",0.0198511657000306,2.63931618515242,14.6960854946147,9,150,149,-19.5,0,1
"1266",0.0198511657000306,2.63931618515242,14.6960854946147,9,150,149,15.5,0,1
"1267",0.0198511657000306,2.63931618515242,14.6960854946147,9,150,149,17.5,1,1
"1268",0.0198511657000306,2.63931618515242,14.6960854946147,9,150,149,-19.5,0,1
"1269",0.0198511657000306,2.63931618515242,14.6960854946147,9,150,149,16.5,1,1
"1270",0.0198511657000306,2.63931618515242,14.6960854946147,9,150,149,-18.5,0,1
"1271",0.0198511657000306,2.63931618515242,14.6960854946147,9,150,149,16.5,1,1
"1272",0.0198511657000306,2.63931618515242,14.6960854946147,9,150,149,-18.5,0,1
"1273",0.0198511657000306,2.63931618515242,14.6960854946147,9,150,149,16.5,1,1
"1274",0.0198511657000306,2.63931618515242,14.6960854946147,9,150,149,-18.5,0,1
"1275",0.0198511657000306,2.63931618515242,14.6960854946147,9,150,149,15.5,1,1
"1276",0.0198511657000306,2.63931618515242,14.6960854946147,9,150,149,-17.5,0,1
"1277",0.0198511657000306,2.63931618515242,14.6960854946147,9,150,149,15.5,1,1
"1278",0.0198511657000306,2.63931618515242,14.6960854946147,9,150,149,-17.5,1,1
"1279",0.0198511657000306,2.63931618515242,14.6960854946147,9,150,149,-19.5,0,1
"1280",0.0198511657000306,2.63931618515242,14.6960854946147,9,150,149,15.5,1,1
"1281",0.0198511657000306,2.63931618515242,14.6960854946147,9,150,149,-18.5,1,1
"1282",0.0198511657000306,2.63931618515242,14.6960854946147,9,150,149,-20.5,0,1
"1283",0.0198511657000306,2.63931618515242,14.6960854946147,9,150,149,15.5,1,1
"1284",0.0198511657000306,2.63931618515242,14.6960854946147,9,150,149,-20.5,0,1
"1285",0.0198511657000306,2.63931618515242,14.6960854946147,9,150,149,15.5,0,1
"1286",0.0198511657000306,2.63931618515242,14.6960854946147,9,150,149,16.5,1,1
"1287",0.0198511657000306,2.63931618515242,14.6960854946147,9,150,149,-20.5,1,1
"1288",0.0198511657000306,2.63931618515242,14.6960854946147,9,150,149,-21.5,0,1
"1289",0.0198511657000306,2.63931618515242,14.6960854946147,9,150,149,16.5,1,1
"1290",0.0198511657000306,2.63931618515242,14.6960854946147,9,150,149,-21.5,0,1
"1291",0.0198511657000306,2.63931618515242,14.6960854946147,9,150,149,16.5,1,1
"1292",0.0198511657000306,2.63931618515242,14.6960854946147,9,150,149,-21.5,0,1
"1293",0.0198511657000306,2.63931618515242,14.6960854946147,9,150,149,16.5,1,1
"1294",0.0198511657000306,2.63931618515242,14.6960854946147,9,150,149,-21.5,0,1
"1295",0.0198511657000306,2.63931618515242,14.6960854946147,9,150,149,16.5,0,1
"1296",0.0198511657000306,2.63931618515242,14.6960854946147,9,150,149,17.5,1,1
"1297",0.0198511657000306,2.63931618515242,14.6960854946147,9,150,149,-21.5,0,1
"1298",0.0198511657000306,2.63931618515242,14.6960854946147,9,150,149,17.5,1,1
"1299",0.0198511657000306,2.63931618515242,14.6960854946147,9,150,149,-20.5,0,1
"1300",0.0198511657000306,2.63931618515242,14.6960854946147,9,150,149,17.5,1,1
"1301",0.0198511657000306,2.63931618515242,14.6960854946147,9,150,149,-20.5,0,1
"1302",0.0198511657000306,2.63931618515242,14.6960854946147,9,150,149,16.5,1,1
"1303",0.0198511657000306,2.63931618515242,14.6960854946147,9,150,149,-20.5,0,1
"1304",0.0198511657000306,2.63931618515242,14.6960854946147,9,150,149,16.5,0,1
"1305",0.0198511657000306,2.63931618515242,14.6960854946147,9,150,149,-20.5,0,1
"1306",0.0198511657000306,2.63931618515242,14.6960854946147,9,150,149,17.5,1,1
"1307",0.0198511657000306,2.63931618515242,14.6960854946147,9,150,149,-20.5,1,1
"1308",0.0198511657000306,2.63931618515242,14.6960854946147,9,150,149,-21.5,0,1
"1309",0.0198511657000306,2.63931618515242,14.6960854946147,9,150,149,17.5,1,1
"1310",0.0198511657000306,2.63931618515242,14.6960854946147,9,150,149,17.5,1,1
"1311",0.0198511657000306,2.63931618515242,14.6960854946147,9,150,149,-21.5,0,1
"1312",0.0198511657000306,2.63931618515242,14.6960854946147,9,150,149,17.5,1,1
"1313",0.0198511657000306,2.63931618515242,14.6960854946147,9,150,149,-20.5,1,1
"1314",0.0198511657000306,2.63931618515242,14.6960854946147,9,150,149,-22.5,0,1
"1315",0.0198511657000306,2.63931618515242,14.6960854946147,9,150,149,17.5,1,1
"1316",0.0198511657000306,2.63931618515242,14.6960854946147,9,150,149,-21.5,0,1
"1317",0.0198511657000306,2.63931618515242,14.6960854946147,9,150,149,17.5,0,1
"1318",0.0198511657000306,2.63931618515242,14.6960854946147,9,150,149,-21.5,0,1
"1319",0.0198511657000306,2.63931618515242,14.6960854946147,9,150,149,18.5,1,1
"1320",0.0198511657000306,2.63931618515242,14.6960854946147,9,150,149,-21.5,0,1
"1321",0.0198511657000306,2.63931618515242,14.6960854946147,9,150,149,18.5,0,1
"1322",0.0198511657000306,2.63931618515242,14.6960854946147,9,150,149,19.5,1,1
"1323",0.0198511657000306,2.63931618515242,14.6960854946147,9,150,149,-21.5,0,1
"1324",0.0198511657000306,2.63931618515242,14.6960854946147,9,150,149,19.5,1,1
"1325",0.0198511657000306,2.63931618515242,14.6960854946147,9,150,149,-21.5,0,1
"1326",0.0198511657000306,2.63931618515242,14.6960854946147,9,150,149,18.5,1,1
"1327",0.0198511657000306,2.63931618515242,14.6960854946147,9,150,149,-21.5,0,1
"1328",0.0198511657000306,2.63931618515242,14.6960854946147,9,150,149,18.5,1,1
"1329",0.0198511657000306,2.63931618515242,14.6960854946147,9,150,149,-21.5,0,1
"1330",0.0198511657000306,2.63931618515242,14.6960854946147,9,150,149,18.5,1,1
"1331",0.0198511657000306,2.63931618515242,14.6960854946147,9,150,149,-20.5,0,1
"1332",0.0198511657000306,2.63931618515242,14.6960854946147,9,150,149,18.5,1,1
"1333",0.0198511657000306,2.63931618515242,14.6960854946147,9,150,149,-20.5,0,1
"1334",0.0198511657000306,2.63931618515242,14.6960854946147,9,150,149,18.5,1,1
"1335",0.0198511657000306,2.63931618515242,14.6960854946147,9,150,149,-20.5,1,1
"1336",0.0198511657000306,2.63931618515242,14.6960854946147,9,150,149,18.5,0,1
"1337",0.0198511657000306,2.63931618515242,14.6960854946147,9,150,149,-21.5,0,1
"1338",0.0198511657000306,2.63931618515242,14.6960854946147,9,150,149,19.5,1,1
"1339",0.0198511657000306,2.63931618515242,14.6960854946147,9,150,149,-21.5,0,1
"1340",0.0198511657000306,2.63931618515242,14.6960854946147,9,150,149,19.5,1,1
"1341",0.0198511657000306,2.63931618515242,14.6960854946147,9,150,149,-21.5,0,1
"1342",0.0198511657000306,2.63931618515242,14.6960854946147,9,150,149,18.5,1,1
"1343",0.0198511657000306,2.63931618515242,14.6960854946147,9,150,149,-21.5,0,1
"1344",0.0198511657000306,2.63931618515242,14.6960854946147,9,150,149,18.5,0,1
"1345",0.0198511657000306,2.63931618515242,14.6960854946147,9,150,149,19.5,1,1
"1346",0.0198511657000306,2.63931618515242,14.6960854946147,9,150,149,-21.5,0,1
"1347",0.0198511657000306,2.63931618515242,14.6960854946147,9,150,149,19.5,1,1
"1348",0.0198511657000306,2.63931618515242,14.6960854946147,9,150,149,-20.5,0,1
"1349",0.0198511657000306,2.63931618515242,14.6960854946147,9,150,149,19.5,1,1
"1350",0.0198511657000306,2.63931618515242,14.6960854946147,9,150,149,-20.5,1,1
"1351",0.00767268302958323,7.11025663774132,9.36681557453418,10,150,149,-0.5,0,1
"1352",0.00767268302958323,7.11025663774132,9.36681557453418,10,150,149,22.5,1,1
"1353",0.00767268302958323,7.11025663774132,9.36681557453418,10,150,149,10.5,1,1
"1354",0.00767268302958323,7.11025663774132,9.36681557453418,10,150,149,-1.5,0,1
"1355",0.00767268302958323,7.11025663774132,9.36681557453418,10,150,149,6.5,1,1
"1356",0.00767268302958323,7.11025663774132,9.36681557453418,10,150,149,2.5,0,1
"1357",0.00767268302958323,7.11025663774132,9.36681557453418,10,150,149,8.5,0,1
"1358",0.00767268302958323,7.11025663774132,9.36681557453418,10,150,149,15.5,1,1
"1359",0.00767268302958323,7.11025663774132,9.36681557453418,10,150,149,14.5,1,1
"1360",0.00767268302958323,7.11025663774132,9.36681557453418,10,150,149,-0.5,0,1
"1361",0.00767268302958323,7.11025663774132,9.36681557453418,10,150,149,13.5,1,1
"1362",0.00767268302958323,7.11025663774132,9.36681557453418,10,150,149,0.5,1,1
"1363",0.00767268302958323,7.11025663774132,9.36681557453418,10,150,149,-5.5,0,1
"1364",0.00767268302958323,7.11025663774132,9.36681557453418,10,150,149,-4.5,0,1
"1365",0.00767268302958323,7.11025663774132,9.36681557453418,10,150,149,14.5,1,1
"1366",0.00767268302958323,7.11025663774132,9.36681557453418,10,150,149,-3.5,1,1
"1367",0.00767268302958323,7.11025663774132,9.36681557453418,10,150,149,-8.5,0,1
"1368",0.00767268302958323,7.11025663774132,9.36681557453418,10,150,149,-7.5,0,1
"1369",0.00767268302958323,7.11025663774132,9.36681557453418,10,150,149,14.5,1,1
"1370",0.00767268302958323,7.11025663774132,9.36681557453418,10,150,149,-7.5,0,1
"1371",0.00767268302958323,7.11025663774132,9.36681557453418,10,150,149,13.5,1,1
"1372",0.00767268302958323,7.11025663774132,9.36681557453418,10,150,149,-6.5,0,1
"1373",0.00767268302958323,7.11025663774132,9.36681557453418,10,150,149,12.5,1,1
"1374",0.00767268302958323,7.11025663774132,9.36681557453418,10,150,149,11.5,1,1
"1375",0.00767268302958323,7.11025663774132,9.36681557453418,10,150,149,-5.5,0,1
"1376",0.00767268302958323,7.11025663774132,9.36681557453418,10,150,149,10.5,0,1
"1377",0.00767268302958323,7.11025663774132,9.36681557453418,10,150,149,-5.5,0,1
"1378",0.00767268302958323,7.11025663774132,9.36681557453418,10,150,149,14.5,1,1
"1379",0.00767268302958323,7.11025663774132,9.36681557453418,10,150,149,-4.5,0,1
"1380",0.00767268302958323,7.11025663774132,9.36681557453418,10,150,149,13.5,0,1
"1381",0.00767268302958323,7.11025663774132,9.36681557453418,10,150,149,17.5,1,1
"1382",0.00767268302958323,7.11025663774132,9.36681557453418,10,150,149,16.5,1,1
"1383",0.00767268302958323,7.11025663774132,9.36681557453418,10,150,149,-4.5,0,1
"1384",0.00767268302958323,7.11025663774132,9.36681557453418,10,150,149,15.5,1,1
"1385",0.00767268302958323,7.11025663774132,9.36681557453418,10,150,149,-3.5,0,1
"1386",0.00767268302958323,7.11025663774132,9.36681557453418,10,150,149,-2.5,0,1
"1387",0.00767268302958323,7.11025663774132,9.36681557453418,10,150,149,14.5,0,1
"1388",0.00767268302958323,7.11025663774132,9.36681557453418,10,150,149,17.5,1,1
"1389",0.00767268302958323,7.11025663774132,9.36681557453418,10,150,149,17.5,0,1
"1390",0.00767268302958323,7.11025663774132,9.36681557453418,10,150,149,20.5,1,1
"1391",0.00767268302958323,7.11025663774132,9.36681557453418,10,150,149,20.5,1,1
"1392",0.00767268302958323,7.11025663774132,9.36681557453418,10,150,149,-4.5,0,1
"1393",0.00767268302958323,7.11025663774132,9.36681557453418,10,150,149,-3.5,0,1
"1394",0.00767268302958323,7.11025663774132,9.36681557453418,10,150,149,19.5,1,1
"1395",0.00767268302958323,7.11025663774132,9.36681557453418,10,150,149,-2.5,0,1
"1396",0.00767268302958323,7.11025663774132,9.36681557453418,10,150,149,18.5,1,1
"1397",0.00767268302958323,7.11025663774132,9.36681557453418,10,150,149,-2.5,1,1
"1398",0.00767268302958323,7.11025663774132,9.36681557453418,10,150,149,18.5,1,1
"1399",0.00767268302958323,7.11025663774132,9.36681557453418,10,150,149,-4.5,0,1
"1400",0.00767268302958323,7.11025663774132,9.36681557453418,10,150,149,18.5,1,1
"1401",0.00767268302958323,7.11025663774132,9.36681557453418,10,150,149,-4.5,1,1
"1402",0.00767268302958323,7.11025663774132,9.36681557453418,10,150,149,-7.5,0,1
"1403",0.00767268302958323,7.11025663774132,9.36681557453418,10,150,149,18.5,1,1
"1404",0.00767268302958323,7.11025663774132,9.36681557453418,10,150,149,-6.5,0,1
"1405",0.00767268302958323,7.11025663774132,9.36681557453418,10,150,149,17.5,1,1
"1406",0.00767268302958323,7.11025663774132,9.36681557453418,10,150,149,-5.5,0,1
"1407",0.00767268302958323,7.11025663774132,9.36681557453418,10,150,149,17.5,0,1
"1408",0.00767268302958323,7.11025663774132,9.36681557453418,10,150,149,19.5,1,1
"1409",0.00767268302958323,7.11025663774132,9.36681557453418,10,150,149,-6.5,0,1
"1410",0.00767268302958323,7.11025663774132,9.36681557453418,10,150,149,19.5,1,1
"1411",0.00767268302958323,7.11025663774132,9.36681557453418,10,150,149,-5.5,0,1
"1412",0.00767268302958323,7.11025663774132,9.36681557453418,10,150,149,18.5,1,1
"1413",0.00767268302958323,7.11025663774132,9.36681557453418,10,150,149,-4.5,0,1
"1414",0.00767268302958323,7.11025663774132,9.36681557453418,10,150,149,-4.5,1,1
"1415",0.00767268302958323,7.11025663774132,9.36681557453418,10,150,149,18.5,1,1
"1416",0.00767268302958323,7.11025663774132,9.36681557453418,10,150,149,-6.5,0,1
"1417",0.00767268302958323,7.11025663774132,9.36681557453418,10,150,149,18.5,1,1
"1418",0.00767268302958323,7.11025663774132,9.36681557453418,10,150,149,-6.5,0,1
"1419",0.00767268302958323,7.11025663774132,9.36681557453418,10,150,149,17.5,1,1
"1420",0.00767268302958323,7.11025663774132,9.36681557453418,10,150,149,-5.5,0,1
"1421",0.00767268302958323,7.11025663774132,9.36681557453418,10,150,149,17.5,1,1
"1422",0.00767268302958323,7.11025663774132,9.36681557453418,10,150,149,-5.5,0,1
"1423",0.00767268302958323,7.11025663774132,9.36681557453418,10,150,149,16.5,1,1
"1424",0.00767268302958323,7.11025663774132,9.36681557453418,10,150,149,-4.5,0,1
"1425",0.00767268302958323,7.11025663774132,9.36681557453418,10,150,149,16.5,1,1
"1426",0.00767268302958323,7.11025663774132,9.36681557453418,10,150,149,-4.5,0,1
"1427",0.00767268302958323,7.11025663774132,9.36681557453418,10,150,149,16.5,1,1
"1428",0.00767268302958323,7.11025663774132,9.36681557453418,10,150,149,-3.5,0,1
"1429",0.00767268302958323,7.11025663774132,9.36681557453418,10,150,149,15.5,0,1
"1430",0.00767268302958323,7.11025663774132,9.36681557453418,10,150,149,-4.5,0,1
"1431",0.00767268302958323,7.11025663774132,9.36681557453418,10,150,149,17.5,1,1
"1432",0.00767268302958323,7.11025663774132,9.36681557453418,10,150,149,-3.5,0,1
"1433",0.00767268302958323,7.11025663774132,9.36681557453418,10,150,149,16.5,1,1
"1434",0.00767268302958323,7.11025663774132,9.36681557453418,10,150,149,-3.5,0,1
"1435",0.00767268302958323,7.11025663774132,9.36681557453418,10,150,149,16.5,0,1
"1436",0.00767268302958323,7.11025663774132,9.36681557453418,10,150,149,-3.5,0,1
"1437",0.00767268302958323,7.11025663774132,9.36681557453418,10,150,149,17.5,1,1
"1438",0.00767268302958323,7.11025663774132,9.36681557453418,10,150,149,-3.5,0,1
"1439",0.00767268302958323,7.11025663774132,9.36681557453418,10,150,149,17.5,1,1
"1440",0.00767268302958323,7.11025663774132,9.36681557453418,10,150,149,-2.5,0,1
"1441",0.00767268302958323,7.11025663774132,9.36681557453418,10,150,149,-2.5,0,1
"1442",0.00767268302958323,7.11025663774132,9.36681557453418,10,150,149,17.5,1,1
"1443",0.00767268302958323,7.11025663774132,9.36681557453418,10,150,149,-2.5,1,1
"1444",0.00767268302958323,7.11025663774132,9.36681557453418,10,150,149,17.5,1,1
"1445",0.00767268302958323,7.11025663774132,9.36681557453418,10,150,149,16.5,1,1
"1446",0.00767268302958323,7.11025663774132,9.36681557453418,10,150,149,-3.5,0,1
"1447",0.00767268302958323,7.11025663774132,9.36681557453418,10,150,149,16.5,1,1
"1448",0.00767268302958323,7.11025663774132,9.36681557453418,10,150,149,-3.5,0,1
"1449",0.00767268302958323,7.11025663774132,9.36681557453418,10,150,149,16.5,1,1
"1450",0.00767268302958323,7.11025663774132,9.36681557453418,10,150,149,-2.5,0,1
"1451",0.00767268302958323,7.11025663774132,9.36681557453418,10,150,149,-2.5,0,1
"1452",0.00767268302958323,7.11025663774132,9.36681557453418,10,150,149,16.5,1,1
"1453",0.00767268302958323,7.11025663774132,9.36681557453418,10,150,149,-2.5,0,1
"1454",0.00767268302958323,7.11025663774132,9.36681557453418,10,150,149,15.5,1,1
"1455",0.00767268302958323,7.11025663774132,9.36681557453418,10,150,149,-2.5,0,1
"1456",0.00767268302958323,7.11025663774132,9.36681557453418,10,150,149,15.5,1,1
"1457",0.00767268302958323,7.11025663774132,9.36681557453418,10,150,149,-1.5,0,1
"1458",0.00767268302958323,7.11025663774132,9.36681557453418,10,150,149,15.5,1,1
"1459",0.00767268302958323,7.11025663774132,9.36681557453418,10,150,149,-1.5,0,1
"1460",0.00767268302958323,7.11025663774132,9.36681557453418,10,150,149,15.5,1,1
"1461",0.00767268302958323,7.11025663774132,9.36681557453418,10,150,149,-1.5,0,1
"1462",0.00767268302958323,7.11025663774132,9.36681557453418,10,150,149,-1.5,1,1
"1463",0.00767268302958323,7.11025663774132,9.36681557453418,10,150,149,15.5,1,1
"1464",0.00767268302958323,7.11025663774132,9.36681557453418,10,150,149,14.5,1,1
"1465",0.00767268302958323,7.11025663774132,9.36681557453418,10,150,149,14.5,0,1
"1466",0.00767268302958323,7.11025663774132,9.36681557453418,10,150,149,-2.5,0,1
"1467",0.00767268302958323,7.11025663774132,9.36681557453418,10,150,149,-2.5,0,1
"1468",0.00767268302958323,7.11025663774132,9.36681557453418,10,150,149,15.5,1,1
"1469",0.00767268302958323,7.11025663774132,9.36681557453418,10,150,149,-2.5,0,1
"1470",0.00767268302958323,7.11025663774132,9.36681557453418,10,150,149,15.5,1,1
"1471",0.00767268302958323,7.11025663774132,9.36681557453418,10,150,149,-1.5,0,1
"1472",0.00767268302958323,7.11025663774132,9.36681557453418,10,150,149,15.5,1,1
"1473",0.00767268302958323,7.11025663774132,9.36681557453418,10,150,149,-1.5,1,1
"1474",0.00767268302958323,7.11025663774132,9.36681557453418,10,150,149,15.5,1,1
"1475",0.00767268302958323,7.11025663774132,9.36681557453418,10,150,149,15.5,1,1
"1476",0.00767268302958323,7.11025663774132,9.36681557453418,10,150,149,-2.5,0,1
"1477",0.00767268302958323,7.11025663774132,9.36681557453418,10,150,149,14.5,1,1
"1478",0.00767268302958323,7.11025663774132,9.36681557453418,10,150,149,-2.5,0,1
"1479",0.00767268302958323,7.11025663774132,9.36681557453418,10,150,149,14.5,0,1
"1480",0.00767268302958323,7.11025663774132,9.36681557453418,10,150,149,-2.5,0,1
"1481",0.00767268302958323,7.11025663774132,9.36681557453418,10,150,149,-2.5,0,1
"1482",0.00767268302958323,7.11025663774132,9.36681557453418,10,150,149,15.5,1,1
"1483",0.00767268302958323,7.11025663774132,9.36681557453418,10,150,149,-1.5,0,1
"1484",0.00767268302958323,7.11025663774132,9.36681557453418,10,150,149,15.5,1,1
"1485",0.00767268302958323,7.11025663774132,9.36681557453418,10,150,149,-1.5,1,1
"1486",0.00767268302958323,7.11025663774132,9.36681557453418,10,150,149,15.5,1,1
"1487",0.00767268302958323,7.11025663774132,9.36681557453418,10,150,149,15.5,0,1
"1488",0.00767268302958323,7.11025663774132,9.36681557453418,10,150,149,-2.5,0,1
"1489",0.00767268302958323,7.11025663774132,9.36681557453418,10,150,149,-2.5,1,1
"1490",0.00767268302958323,7.11025663774132,9.36681557453418,10,150,149,16.5,1,1
"1491",0.00767268302958323,7.11025663774132,9.36681557453418,10,150,149,15.5,0,1
"1492",0.00767268302958323,7.11025663774132,9.36681557453418,10,150,149,-3.5,0,1
"1493",0.00767268302958323,7.11025663774132,9.36681557453418,10,150,149,16.5,1,1
"1494",0.00767268302958323,7.11025663774132,9.36681557453418,10,150,149,-3.5,0,1
"1495",0.00767268302958323,7.11025663774132,9.36681557453418,10,150,149,16.5,0,1
"1496",0.00767268302958323,7.11025663774132,9.36681557453418,10,150,149,-3.5,0,1
"1497",0.00767268302958323,7.11025663774132,9.36681557453418,10,150,149,17.5,1,1
"1498",0.00767268302958323,7.11025663774132,9.36681557453418,10,150,149,-3.5,0,1
"1499",0.00767268302958323,7.11025663774132,9.36681557453418,10,150,149,17.5,1,1
"1500",0.00767268302958323,7.11025663774132,9.36681557453418,10,150,149,-3.5,0,1
"1501",0.103979545428978,-10.7067495057462,9.06503277582943,11,150,149,-0.5,0,1
"1502",0.103979545428978,-10.7067495057462,9.06503277582943,11,150,149,22.5,1,1
"1503",0.103979545428978,-10.7067495057462,9.06503277582943,11,150,149,10.5,1,1
"1504",0.103979545428978,-10.7067495057462,9.06503277582943,11,150,149,-1.5,1,1
"1505",0.103979545428978,-10.7067495057462,9.06503277582943,11,150,149,-13.5,0,1
"1506",0.103979545428978,-10.7067495057462,9.06503277582943,11,150,149,-7.5,0,1
"1507",0.103979545428978,-10.7067495057462,9.06503277582943,11,150,149,5.5,0,1
"1508",0.103979545428978,-10.7067495057462,9.06503277582943,11,150,149,12.5,0,1
"1509",0.103979545428978,-10.7067495057462,9.06503277582943,11,150,149,18.5,1,1
"1510",0.103979545428978,-10.7067495057462,9.06503277582943,11,150,149,17.5,1,1
"1511",0.103979545428978,-10.7067495057462,9.06503277582943,11,150,149,-1.5,1,1
"1512",0.103979545428978,-10.7067495057462,9.06503277582943,11,150,149,-7.5,1,1
"1513",0.103979545428978,-10.7067495057462,9.06503277582943,11,150,149,-11.5,1,1
"1514",0.103979545428978,-10.7067495057462,9.06503277582943,11,150,149,-13.5,0,1
"1515",0.103979545428978,-10.7067495057462,9.06503277582943,11,150,149,-12.5,0,1
"1516",0.103979545428978,-10.7067495057462,9.06503277582943,11,150,149,-12.5,0,1
"1517",0.103979545428978,-10.7067495057462,9.06503277582943,11,150,149,11.5,1,1
"1518",0.103979545428978,-10.7067495057462,9.06503277582943,11,150,149,-13.5,0,1
"1519",0.103979545428978,-10.7067495057462,9.06503277582943,11,150,149,12.5,1,1
"1520",0.103979545428978,-10.7067495057462,9.06503277582943,11,150,149,-14.5,0,1
"1521",0.103979545428978,-10.7067495057462,9.06503277582943,11,150,149,12.5,1,1
"1522",0.103979545428978,-10.7067495057462,9.06503277582943,11,150,149,-15.5,0,1
"1523",0.103979545428978,-10.7067495057462,9.06503277582943,11,150,149,13.5,1,1
"1524",0.103979545428978,-10.7067495057462,9.06503277582943,11,150,149,-15.5,1,1
"1525",0.103979545428978,-10.7067495057462,9.06503277582943,11,150,149,-17.5,0,1
"1526",0.103979545428978,-10.7067495057462,9.06503277582943,11,150,149,11.5,1,1
"1527",0.103979545428978,-10.7067495057462,9.06503277582943,11,150,149,-18.5,0,1
"1528",0.103979545428978,-10.7067495057462,9.06503277582943,11,150,149,11.5,1,1
"1529",0.103979545428978,-10.7067495057462,9.06503277582943,11,150,149,-18.5,0,1
"1530",0.103979545428978,-10.7067495057462,9.06503277582943,11,150,149,11.5,1,1
"1531",0.103979545428978,-10.7067495057462,9.06503277582943,11,150,149,-18.5,0,1
"1532",0.103979545428978,-10.7067495057462,9.06503277582943,11,150,149,11.5,1,1
"1533",0.103979545428978,-10.7067495057462,9.06503277582943,11,150,149,-17.5,1,1
"1534",0.103979545428978,-10.7067495057462,9.06503277582943,11,150,149,-20.5,0,1
"1535",0.103979545428978,-10.7067495057462,9.06503277582943,11,150,149,-20.5,0,1
"1536",0.103979545428978,-10.7067495057462,9.06503277582943,11,150,149,11.5,1,1
"1537",0.103979545428978,-10.7067495057462,9.06503277582943,11,150,149,10.5,1,1
"1538",0.103979545428978,-10.7067495057462,9.06503277582943,11,150,149,-20.5,0,1
"1539",0.103979545428978,-10.7067495057462,9.06503277582943,11,150,149,10.5,1,1
"1540",0.103979545428978,-10.7067495057462,9.06503277582943,11,150,149,-19.5,0,1
"1541",0.103979545428978,-10.7067495057462,9.06503277582943,11,150,149,9.5,1,1
"1542",0.103979545428978,-10.7067495057462,9.06503277582943,11,150,149,-19.5,1,1
"1543",0.103979545428978,-10.7067495057462,9.06503277582943,11,150,149,-22.5,0,1
"1544",0.103979545428978,-10.7067495057462,9.06503277582943,11,150,149,9.5,1,1
"1545",0.103979545428978,-10.7067495057462,9.06503277582943,11,150,149,-21.5,0,1
"1546",0.103979545428978,-10.7067495057462,9.06503277582943,11,150,149,9.5,0,1
"1547",0.103979545428978,-10.7067495057462,9.06503277582943,11,150,149,-21.5,0,1
"1548",0.103979545428978,-10.7067495057462,9.06503277582943,11,150,149,12.5,0,1
"1549",0.103979545428978,-10.7067495057462,9.06503277582943,11,150,149,14.5,0,1
"1550",0.103979545428978,-10.7067495057462,9.06503277582943,11,150,149,15.5,1,1
"1551",0.103979545428978,-10.7067495057462,9.06503277582943,11,150,149,-19.5,0,1
"1552",0.103979545428978,-10.7067495057462,9.06503277582943,11,150,149,15.5,1,1
"1553",0.103979545428978,-10.7067495057462,9.06503277582943,11,150,149,-19.5,1,1
"1554",0.103979545428978,-10.7067495057462,9.06503277582943,11,150,149,-21.5,1,1
"1555",0.103979545428978,-10.7067495057462,9.06503277582943,11,150,149,-22.5,0,1
"1556",0.103979545428978,-10.7067495057462,9.06503277582943,11,150,149,-22.5,0,1
"1557",0.103979545428978,-10.7067495057462,9.06503277582943,11,150,149,14.5,1,1
"1558",0.103979545428978,-10.7067495057462,9.06503277582943,11,150,149,14.5,1,1
"1559",0.103979545428978,-10.7067495057462,9.06503277582943,11,150,149,-22.5,0,1
"1560",0.103979545428978,-10.7067495057462,9.06503277582943,11,150,149,14.5,1,1
"1561",0.103979545428978,-10.7067495057462,9.06503277582943,11,150,149,-22.5,0,1
"1562",0.103979545428978,-10.7067495057462,9.06503277582943,11,150,149,14.5,1,1
"1563",0.103979545428978,-10.7067495057462,9.06503277582943,11,150,149,-22.5,1,1
"1564",0.103979545428978,-10.7067495057462,9.06503277582943,11,150,149,-23.5,0,1
"1565",0.103979545428978,-10.7067495057462,9.06503277582943,11,150,149,-23.5,0,1
"1566",0.103979545428978,-10.7067495057462,9.06503277582943,11,150,149,13.5,1,1
"1567",0.103979545428978,-10.7067495057462,9.06503277582943,11,150,149,-23.5,0,1
"1568",0.103979545428978,-10.7067495057462,9.06503277582943,11,150,149,13.5,0,1
"1569",0.103979545428978,-10.7067495057462,9.06503277582943,11,150,149,14.5,1,1
"1570",0.103979545428978,-10.7067495057462,9.06503277582943,11,150,149,-23.5,0,1
"1571",0.103979545428978,-10.7067495057462,9.06503277582943,11,150,149,14.5,1,1
"1572",0.103979545428978,-10.7067495057462,9.06503277582943,11,150,149,-23.5,0,1
"1573",0.103979545428978,-10.7067495057462,9.06503277582943,11,150,149,15.5,1,1
"1574",0.103979545428978,-10.7067495057462,9.06503277582943,11,150,149,-23.5,0,1
"1575",0.103979545428978,-10.7067495057462,9.06503277582943,11,150,149,15.5,1,1
"1576",0.103979545428978,-10.7067495057462,9.06503277582943,11,150,149,14.5,1,1
"1577",0.103979545428978,-10.7067495057462,9.06503277582943,11,150,149,-23.5,0,1
"1578",0.103979545428978,-10.7067495057462,9.06503277582943,11,150,149,14.5,1,1
"1579",0.103979545428978,-10.7067495057462,9.06503277582943,11,150,149,-23.5,1,1
"1580",0.103979545428978,-10.7067495057462,9.06503277582943,11,150,149,-24.5,0,1
"1581",0.103979545428978,-10.7067495057462,9.06503277582943,11,150,149,-24.5,0,1
"1582",0.103979545428978,-10.7067495057462,9.06503277582943,11,150,149,14.5,1,1
"1583",0.103979545428978,-10.7067495057462,9.06503277582943,11,150,149,-24.5,0,1
"1584",0.103979545428978,-10.7067495057462,9.06503277582943,11,150,149,14.5,1,1
"1585",0.103979545428978,-10.7067495057462,9.06503277582943,11,150,149,-24.5,0,1
"1586",0.103979545428978,-10.7067495057462,9.06503277582943,11,150,149,14.5,0,1
"1587",0.103979545428978,-10.7067495057462,9.06503277582943,11,150,149,15.5,1,1
"1588",0.103979545428978,-10.7067495057462,9.06503277582943,11,150,149,-23.5,0,1
"1589",0.103979545428978,-10.7067495057462,9.06503277582943,11,150,149,15.5,1,1
"1590",0.103979545428978,-10.7067495057462,9.06503277582943,11,150,149,-23.5,0,1
"1591",0.103979545428978,-10.7067495057462,9.06503277582943,11,150,149,15.5,1,1
"1592",0.103979545428978,-10.7067495057462,9.06503277582943,11,150,149,-23.5,0,1
"1593",0.103979545428978,-10.7067495057462,9.06503277582943,11,150,149,15.5,1,1
"1594",0.103979545428978,-10.7067495057462,9.06503277582943,11,150,149,-23.5,1,1
"1595",0.103979545428978,-10.7067495057462,9.06503277582943,11,150,149,-24.5,0,1
"1596",0.103979545428978,-10.7067495057462,9.06503277582943,11,150,149,14.5,1,1
"1597",0.103979545428978,-10.7067495057462,9.06503277582943,11,150,149,-24.5,0,1
"1598",0.103979545428978,-10.7067495057462,9.06503277582943,11,150,149,14.5,1,1
"1599",0.103979545428978,-10.7067495057462,9.06503277582943,11,150,149,14.5,1,1
"1600",0.103979545428978,-10.7067495057462,9.06503277582943,11,150,149,-24.5,0,1
"1601",0.103979545428978,-10.7067495057462,9.06503277582943,11,150,149,14.5,1,1
"1602",0.103979545428978,-10.7067495057462,9.06503277582943,11,150,149,-24.5,0,1
"1603",0.103979545428978,-10.7067495057462,9.06503277582943,11,150,149,14.5,1,1
"1604",0.103979545428978,-10.7067495057462,9.06503277582943,11,150,149,-23.5,0,1
"1605",0.103979545428978,-10.7067495057462,9.06503277582943,11,150,149,13.5,1,1
"1606",0.103979545428978,-10.7067495057462,9.06503277582943,11,150,149,-23.5,0,1
"1607",0.103979545428978,-10.7067495057462,9.06503277582943,11,150,149,13.5,1,1
"1608",0.103979545428978,-10.7067495057462,9.06503277582943,11,150,149,-23.5,0,1
"1609",0.103979545428978,-10.7067495057462,9.06503277582943,11,150,149,13.5,1,1
"1610",0.103979545428978,-10.7067495057462,9.06503277582943,11,150,149,-23.5,0,1
"1611",0.103979545428978,-10.7067495057462,9.06503277582943,11,150,149,13.5,1,1
"1612",0.103979545428978,-10.7067495057462,9.06503277582943,11,150,149,-22.5,0,1
"1613",0.103979545428978,-10.7067495057462,9.06503277582943,11,150,149,12.5,0,1
"1614",0.103979545428978,-10.7067495057462,9.06503277582943,11,150,149,-22.5,0,1
"1615",0.103979545428978,-10.7067495057462,9.06503277582943,11,150,149,14.5,1,1
"1616",0.103979545428978,-10.7067495057462,9.06503277582943,11,150,149,-22.5,0,1
"1617",0.103979545428978,-10.7067495057462,9.06503277582943,11,150,149,13.5,1,1
"1618",0.103979545428978,-10.7067495057462,9.06503277582943,11,150,149,-22.5,0,1
"1619",0.103979545428978,-10.7067495057462,9.06503277582943,11,150,149,13.5,0,1
"1620",0.103979545428978,-10.7067495057462,9.06503277582943,11,150,149,15.5,1,1
"1621",0.103979545428978,-10.7067495057462,9.06503277582943,11,150,149,-22.5,0,1
"1622",0.103979545428978,-10.7067495057462,9.06503277582943,11,150,149,14.5,1,1
"1623",0.103979545428978,-10.7067495057462,9.06503277582943,11,150,149,-21.5,0,1
"1624",0.103979545428978,-10.7067495057462,9.06503277582943,11,150,149,14.5,1,1
"1625",0.103979545428978,-10.7067495057462,9.06503277582943,11,150,149,-21.5,0,1
"1626",0.103979545428978,-10.7067495057462,9.06503277582943,11,150,149,14.5,1,1
"1627",0.103979545428978,-10.7067495057462,9.06503277582943,11,150,149,-21.5,0,1
"1628",0.103979545428978,-10.7067495057462,9.06503277582943,11,150,149,13.5,1,1
"1629",0.103979545428978,-10.7067495057462,9.06503277582943,11,150,149,-21.5,0,1
"1630",0.103979545428978,-10.7067495057462,9.06503277582943,11,150,149,13.5,1,1
"1631",0.103979545428978,-10.7067495057462,9.06503277582943,11,150,149,-20.5,0,1
"1632",0.103979545428978,-10.7067495057462,9.06503277582943,11,150,149,13.5,1,1
"1633",0.103979545428978,-10.7067495057462,9.06503277582943,11,150,149,-20.5,0,1
"1634",0.103979545428978,-10.7067495057462,9.06503277582943,11,150,149,13.5,1,1
"1635",0.103979545428978,-10.7067495057462,9.06503277582943,11,150,149,-20.5,1,1
"1636",0.103979545428978,-10.7067495057462,9.06503277582943,11,150,149,13.5,1,1
"1637",0.103979545428978,-10.7067495057462,9.06503277582943,11,150,149,-21.5,0,1
"1638",0.103979545428978,-10.7067495057462,9.06503277582943,11,150,149,12.5,1,1
"1639",0.103979545428978,-10.7067495057462,9.06503277582943,11,150,149,-21.5,0,1
"1640",0.103979545428978,-10.7067495057462,9.06503277582943,11,150,149,12.5,1,1
"1641",0.103979545428978,-10.7067495057462,9.06503277582943,11,150,149,-21.5,1,1
"1642",0.103979545428978,-10.7067495057462,9.06503277582943,11,150,149,-22.5,0,1
"1643",0.103979545428978,-10.7067495057462,9.06503277582943,11,150,149,12.5,1,1
"1644",0.103979545428978,-10.7067495057462,9.06503277582943,11,150,149,12.5,1,1
"1645",0.103979545428978,-10.7067495057462,9.06503277582943,11,150,149,-22.5,0,1
"1646",0.103979545428978,-10.7067495057462,9.06503277582943,11,150,149,12.5,1,1
"1647",0.103979545428978,-10.7067495057462,9.06503277582943,11,150,149,-21.5,0,1
"1648",0.103979545428978,-10.7067495057462,9.06503277582943,11,150,149,11.5,1,1
"1649",0.103979545428978,-10.7067495057462,9.06503277582943,11,150,149,-21.5,0,1
"1650",0.103979545428978,-10.7067495057462,9.06503277582943,11,150,149,11.5,1,1
"1651",0.0088688085696392,10.0828175553892,9.83015336893744,12,150,149,-0.5,1,1
"1652",0.0088688085696392,10.0828175553892,9.83015336893744,12,150,149,-23.5,0,1
"1653",0.0088688085696392,10.0828175553892,9.83015336893744,12,150,149,-11.5,0,1
"1654",0.0088688085696392,10.0828175553892,9.83015336893744,12,150,149,0.5,1,1
"1655",0.0088688085696392,10.0828175553892,9.83015336893744,12,150,149,-7.5,0,1
"1656",0.0088688085696392,10.0828175553892,9.83015336893744,12,150,149,-3.5,0,1
"1657",0.0088688085696392,10.0828175553892,9.83015336893744,12,150,149,3.5,0,1
"1658",0.0088688085696392,10.0828175553892,9.83015336893744,12,150,149,12.5,1,1
"1659",0.0088688085696392,10.0828175553892,9.83015336893744,12,150,149,10.5,0,1
"1660",0.0088688085696392,10.0828175553892,9.83015336893744,12,150,149,16.5,1,1
"1661",0.0088688085696392,10.0828175553892,9.83015336893744,12,150,149,15.5,0,1
"1662",0.0088688085696392,10.0828175553892,9.83015336893744,12,150,149,19.5,1,1
"1663",0.0088688085696392,10.0828175553892,9.83015336893744,12,150,149,18.5,1,1
"1664",0.0088688085696392,10.0828175553892,9.83015336893744,12,150,149,18.5,0,1
"1665",0.0088688085696392,10.0828175553892,9.83015336893744,12,150,149,21.5,1,1
"1666",0.0088688085696392,10.0828175553892,9.83015336893744,12,150,149,20.5,0,1
"1667",0.0088688085696392,10.0828175553892,9.83015336893744,12,150,149,23.5,0,1
"1668",0.0088688085696392,10.0828175553892,9.83015336893744,12,150,149,24.5,0,1
"1669",0.0088688085696392,10.0828175553892,9.83015336893744,12,150,149,26.5,1,1
"1670",0.0088688085696392,10.0828175553892,9.83015336893744,12,150,149,25.5,1,1
"1671",0.0088688085696392,10.0828175553892,9.83015336893744,12,150,149,25.5,1,1
"1672",0.0088688085696392,10.0828175553892,9.83015336893744,12,150,149,2.5,1,1
"1673",0.0088688085696392,10.0828175553892,9.83015336893744,12,150,149,1.5,0,1
"1674",0.0088688085696392,10.0828175553892,9.83015336893744,12,150,149,1.5,0,1
"1675",0.0088688085696392,10.0828175553892,9.83015336893744,12,150,149,26.5,1,1
"1676",0.0088688085696392,10.0828175553892,9.83015336893744,12,150,149,-0.5,0,1
"1677",0.0088688085696392,10.0828175553892,9.83015336893744,12,150,149,27.5,1,1
"1678",0.0088688085696392,10.0828175553892,9.83015336893744,12,150,149,-1.5,0,1
"1679",0.0088688085696392,10.0828175553892,9.83015336893744,12,150,149,28.5,0,1
"1680",0.0088688085696392,10.0828175553892,9.83015336893744,12,150,149,29.5,1,1
"1681",0.0088688085696392,10.0828175553892,9.83015336893744,12,150,149,29.5,1,1
"1682",0.0088688085696392,10.0828175553892,9.83015336893744,12,150,149,-1.5,0,1
"1683",0.0088688085696392,10.0828175553892,9.83015336893744,12,150,149,30.5,1,1
"1684",0.0088688085696392,10.0828175553892,9.83015336893744,12,150,149,-1.5,0,1
"1685",0.0088688085696392,10.0828175553892,9.83015336893744,12,150,149,30.5,1,1
"1686",0.0088688085696392,10.0828175553892,9.83015336893744,12,150,149,-2.5,0,1
"1687",0.0088688085696392,10.0828175553892,9.83015336893744,12,150,149,31.5,1,1
"1688",0.0088688085696392,10.0828175553892,9.83015336893744,12,150,149,-2.5,0,1
"1689",0.0088688085696392,10.0828175553892,9.83015336893744,12,150,149,31.5,1,1
"1690",0.0088688085696392,10.0828175553892,9.83015336893744,12,150,149,-2.5,0,1
"1691",0.0088688085696392,10.0828175553892,9.83015336893744,12,150,149,31.5,1,1
"1692",0.0088688085696392,10.0828175553892,9.83015336893744,12,150,149,-2.5,0,1
"1693",0.0088688085696392,10.0828175553892,9.83015336893744,12,150,149,31.5,1,1
"1694",0.0088688085696392,10.0828175553892,9.83015336893744,12,150,149,-2.5,0,1
"1695",0.0088688085696392,10.0828175553892,9.83015336893744,12,150,149,31.5,1,1
"1696",0.0088688085696392,10.0828175553892,9.83015336893744,12,150,149,-2.5,0,1
"1697",0.0088688085696392,10.0828175553892,9.83015336893744,12,150,149,30.5,1,1
"1698",0.0088688085696392,10.0828175553892,9.83015336893744,12,150,149,-1.5,0,1
"1699",0.0088688085696392,10.0828175553892,9.83015336893744,12,150,149,30.5,1,1
"1700",0.0088688085696392,10.0828175553892,9.83015336893744,12,150,149,-1.5,0,1
"1701",0.0088688085696392,10.0828175553892,9.83015336893744,12,150,149,-1.5,1,1
"1702",0.0088688085696392,10.0828175553892,9.83015336893744,12,150,149,30.5,1,1
"1703",0.0088688085696392,10.0828175553892,9.83015336893744,12,150,149,-3.5,0,1
"1704",0.0088688085696392,10.0828175553892,9.83015336893744,12,150,149,30.5,1,1
"1705",0.0088688085696392,10.0828175553892,9.83015336893744,12,150,149,-3.5,0,1
"1706",0.0088688085696392,10.0828175553892,9.83015336893744,12,150,149,29.5,1,1
"1707",0.0088688085696392,10.0828175553892,9.83015336893744,12,150,149,-2.5,0,1
"1708",0.0088688085696392,10.0828175553892,9.83015336893744,12,150,149,29.5,1,1
"1709",0.0088688085696392,10.0828175553892,9.83015336893744,12,150,149,-2.5,0,1
"1710",0.0088688085696392,10.0828175553892,9.83015336893744,12,150,149,-2.5,0,1
"1711",0.0088688085696392,10.0828175553892,9.83015336893744,12,150,149,28.5,1,1
"1712",0.0088688085696392,10.0828175553892,9.83015336893744,12,150,149,-1.5,1,1
"1713",0.0088688085696392,10.0828175553892,9.83015336893744,12,150,149,28.5,1,1
"1714",0.0088688085696392,10.0828175553892,9.83015336893744,12,150,149,-3.5,0,1
"1715",0.0088688085696392,10.0828175553892,9.83015336893744,12,150,149,28.5,1,1
"1716",0.0088688085696392,10.0828175553892,9.83015336893744,12,150,149,-3.5,0,1
"1717",0.0088688085696392,10.0828175553892,9.83015336893744,12,150,149,27.5,1,1
"1718",0.0088688085696392,10.0828175553892,9.83015336893744,12,150,149,-3.5,0,1
"1719",0.0088688085696392,10.0828175553892,9.83015336893744,12,150,149,27.5,1,1
"1720",0.0088688085696392,10.0828175553892,9.83015336893744,12,150,149,-2.5,0,1
"1721",0.0088688085696392,10.0828175553892,9.83015336893744,12,150,149,27.5,1,1
"1722",0.0088688085696392,10.0828175553892,9.83015336893744,12,150,149,-2.5,0,1
"1723",0.0088688085696392,10.0828175553892,9.83015336893744,12,150,149,26.5,1,1
"1724",0.0088688085696392,10.0828175553892,9.83015336893744,12,150,149,-1.5,0,1
"1725",0.0088688085696392,10.0828175553892,9.83015336893744,12,150,149,26.5,1,1
"1726",0.0088688085696392,10.0828175553892,9.83015336893744,12,150,149,-1.5,0,1
"1727",0.0088688085696392,10.0828175553892,9.83015336893744,12,150,149,25.5,1,1
"1728",0.0088688085696392,10.0828175553892,9.83015336893744,12,150,149,-0.5,0,1
"1729",0.0088688085696392,10.0828175553892,9.83015336893744,12,150,149,25.5,1,1
"1730",0.0088688085696392,10.0828175553892,9.83015336893744,12,150,149,-0.5,0,1
"1731",0.0088688085696392,10.0828175553892,9.83015336893744,12,150,149,24.5,1,1
"1732",0.0088688085696392,10.0828175553892,9.83015336893744,12,150,149,0.5,0,1
"1733",0.0088688085696392,10.0828175553892,9.83015336893744,12,150,149,24.5,1,1
"1734",0.0088688085696392,10.0828175553892,9.83015336893744,12,150,149,0.5,0,1
"1735",0.0088688085696392,10.0828175553892,9.83015336893744,12,150,149,24.5,1,1
"1736",0.0088688085696392,10.0828175553892,9.83015336893744,12,150,149,23.5,1,1
"1737",0.0088688085696392,10.0828175553892,9.83015336893744,12,150,149,0.5,0,1
"1738",0.0088688085696392,10.0828175553892,9.83015336893744,12,150,149,23.5,1,1
"1739",0.0088688085696392,10.0828175553892,9.83015336893744,12,150,149,1.5,0,1
"1740",0.0088688085696392,10.0828175553892,9.83015336893744,12,150,149,23.5,1,1
"1741",0.0088688085696392,10.0828175553892,9.83015336893744,12,150,149,1.5,0,1
"1742",0.0088688085696392,10.0828175553892,9.83015336893744,12,150,149,22.5,1,1
"1743",0.0088688085696392,10.0828175553892,9.83015336893744,12,150,149,1.5,0,1
"1744",0.0088688085696392,10.0828175553892,9.83015336893744,12,150,149,22.5,0,1
"1745",0.0088688085696392,10.0828175553892,9.83015336893744,12,150,149,1.5,0,1
"1746",0.0088688085696392,10.0828175553892,9.83015336893744,12,150,149,2.5,1,1
"1747",0.0088688085696392,10.0828175553892,9.83015336893744,12,150,149,24.5,1,1
"1748",0.0088688085696392,10.0828175553892,9.83015336893744,12,150,149,23.5,1,1
"1749",0.0088688085696392,10.0828175553892,9.83015336893744,12,150,149,0.5,0,1
"1750",0.0088688085696392,10.0828175553892,9.83015336893744,12,150,149,23.5,0,1
"1751",0.0088688085696392,10.0828175553892,9.83015336893744,12,150,149,0.5,0,1
"1752",0.0088688085696392,10.0828175553892,9.83015336893744,12,150,149,0.5,1,1
"1753",0.0088688085696392,10.0828175553892,9.83015336893744,12,150,149,25.5,1,1
"1754",0.0088688085696392,10.0828175553892,9.83015336893744,12,150,149,-0.5,0,1
"1755",0.0088688085696392,10.0828175553892,9.83015336893744,12,150,149,24.5,1,1
"1756",0.0088688085696392,10.0828175553892,9.83015336893744,12,150,149,24.5,1,1
"1757",0.0088688085696392,10.0828175553892,9.83015336893744,12,150,149,-0.5,0,1
"1758",0.0088688085696392,10.0828175553892,9.83015336893744,12,150,149,24.5,1,1
"1759",0.0088688085696392,10.0828175553892,9.83015336893744,12,150,149,0.5,0,1
"1760",0.0088688085696392,10.0828175553892,9.83015336893744,12,150,149,24.5,1,1
"1761",0.0088688085696392,10.0828175553892,9.83015336893744,12,150,149,0.5,0,1
"1762",0.0088688085696392,10.0828175553892,9.83015336893744,12,150,149,23.5,1,1
"1763",0.0088688085696392,10.0828175553892,9.83015336893744,12,150,149,0.5,0,1
"1764",0.0088688085696392,10.0828175553892,9.83015336893744,12,150,149,23.5,1,1
"1765",0.0088688085696392,10.0828175553892,9.83015336893744,12,150,149,1.5,0,1
"1766",0.0088688085696392,10.0828175553892,9.83015336893744,12,150,149,23.5,1,1
"1767",0.0088688085696392,10.0828175553892,9.83015336893744,12,150,149,1.5,0,1
"1768",0.0088688085696392,10.0828175553892,9.83015336893744,12,150,149,23.5,1,1
"1769",0.0088688085696392,10.0828175553892,9.83015336893744,12,150,149,1.5,0,1
"1770",0.0088688085696392,10.0828175553892,9.83015336893744,12,150,149,22.5,1,1
"1771",0.0088688085696392,10.0828175553892,9.83015336893744,12,150,149,1.5,0,1
"1772",0.0088688085696392,10.0828175553892,9.83015336893744,12,150,149,22.5,1,1
"1773",0.0088688085696392,10.0828175553892,9.83015336893744,12,150,149,1.5,0,1
"1774",0.0088688085696392,10.0828175553892,9.83015336893744,12,150,149,22.5,1,1
"1775",0.0088688085696392,10.0828175553892,9.83015336893744,12,150,149,2.5,0,1
"1776",0.0088688085696392,10.0828175553892,9.83015336893744,12,150,149,22.5,1,1
"1777",0.0088688085696392,10.0828175553892,9.83015336893744,12,150,149,2.5,1,1
"1778",0.0088688085696392,10.0828175553892,9.83015336893744,12,150,149,22.5,0,1
"1779",0.0088688085696392,10.0828175553892,9.83015336893744,12,150,149,1.5,0,1
"1780",0.0088688085696392,10.0828175553892,9.83015336893744,12,150,149,23.5,1,1
"1781",0.0088688085696392,10.0828175553892,9.83015336893744,12,150,149,1.5,0,1
"1782",0.0088688085696392,10.0828175553892,9.83015336893744,12,150,149,23.5,0,1
"1783",0.0088688085696392,10.0828175553892,9.83015336893744,12,150,149,1.5,0,1
"1784",0.0088688085696392,10.0828175553892,9.83015336893744,12,150,149,1.5,0,1
"1785",0.0088688085696392,10.0828175553892,9.83015336893744,12,150,149,24.5,1,1
"1786",0.0088688085696392,10.0828175553892,9.83015336893744,12,150,149,1.5,0,1
"1787",0.0088688085696392,10.0828175553892,9.83015336893744,12,150,149,23.5,1,1
"1788",0.0088688085696392,10.0828175553892,9.83015336893744,12,150,149,1.5,0,1
"1789",0.0088688085696392,10.0828175553892,9.83015336893744,12,150,149,23.5,1,1
"1790",0.0088688085696392,10.0828175553892,9.83015336893744,12,150,149,2.5,0,1
"1791",0.0088688085696392,10.0828175553892,9.83015336893744,12,150,149,23.5,1,1
"1792",0.0088688085696392,10.0828175553892,9.83015336893744,12,150,149,2.5,0,1
"1793",0.0088688085696392,10.0828175553892,9.83015336893744,12,150,149,23.5,1,1
"1794",0.0088688085696392,10.0828175553892,9.83015336893744,12,150,149,2.5,0,1
"1795",0.0088688085696392,10.0828175553892,9.83015336893744,12,150,149,23.5,1,1
"1796",0.0088688085696392,10.0828175553892,9.83015336893744,12,150,149,2.5,0,1
"1797",0.0088688085696392,10.0828175553892,9.83015336893744,12,150,149,22.5,1,1
"1798",0.0088688085696392,10.0828175553892,9.83015336893744,12,150,149,2.5,0,1
"1799",0.0088688085696392,10.0828175553892,9.83015336893744,12,150,149,3.5,0,1
"1800",0.0088688085696392,10.0828175553892,9.83015336893744,12,150,149,22.5,1,1
"1801",6.07702781658513e-05,-4.45564807905842,10.690277204608,13,150,149,-0.5,1,1
"1802",6.07702781658513e-05,-4.45564807905842,10.690277204608,13,150,149,-23.5,0,1
"1803",6.07702781658513e-05,-4.45564807905842,10.690277204608,13,150,149,-11.5,0,1
"1804",6.07702781658513e-05,-4.45564807905842,10.690277204608,13,150,149,0.5,1,1
"1805",6.07702781658513e-05,-4.45564807905842,10.690277204608,13,150,149,-7.5,0,1
"1806",6.07702781658513e-05,-4.45564807905842,10.690277204608,13,150,149,-3.5,1,1
"1807",6.07702781658513e-05,-4.45564807905842,10.690277204608,13,150,149,-9.5,0,1
"1808",6.07702781658513e-05,-4.45564807905842,10.690277204608,13,150,149,-1.5,1,1
"1809",6.07702781658513e-05,-4.45564807905842,10.690277204608,13,150,149,-5.5,0,1
"1810",6.07702781658513e-05,-4.45564807905842,10.690277204608,13,150,149,-1.5,1,1
"1811",6.07702781658513e-05,-4.45564807905842,10.690277204608,13,150,149,-6.5,0,1
"1812",6.07702781658513e-05,-4.45564807905842,10.690277204608,13,150,149,-3.5,0,1
"1813",6.07702781658513e-05,-4.45564807905842,10.690277204608,13,150,149,0.5,1,1
"1814",6.07702781658513e-05,-4.45564807905842,10.690277204608,13,150,149,-5.5,0,1
"1815",6.07702781658513e-05,-4.45564807905842,10.690277204608,13,150,149,-1.5,1,1
"1816",6.07702781658513e-05,-4.45564807905842,10.690277204608,13,150,149,-4.5,0,1
"1817",6.07702781658513e-05,-4.45564807905842,10.690277204608,13,150,149,-2.5,1,1
"1818",6.07702781658513e-05,-4.45564807905842,10.690277204608,13,150,149,-4.5,0,1
"1819",6.07702781658513e-05,-4.45564807905842,10.690277204608,13,150,149,-2.5,1,1
"1820",6.07702781658513e-05,-4.45564807905842,10.690277204608,13,150,149,-4.5,1,1
"1821",6.07702781658513e-05,-4.45564807905842,10.690277204608,13,150,149,-5.5,0,1
"1822",6.07702781658513e-05,-4.45564807905842,10.690277204608,13,150,149,-5.5,1,1
"1823",6.07702781658513e-05,-4.45564807905842,10.690277204608,13,150,149,-7.5,1,1
"1824",6.07702781658513e-05,-4.45564807905842,10.690277204608,13,150,149,-11.5,0,1
"1825",6.07702781658513e-05,-4.45564807905842,10.690277204608,13,150,149,-10.5,1,1
"1826",6.07702781658513e-05,-4.45564807905842,10.690277204608,13,150,149,-14.5,1,1
"1827",6.07702781658513e-05,-4.45564807905842,10.690277204608,13,150,149,-19.5,0,1
"1828",6.07702781658513e-05,-4.45564807905842,10.690277204608,13,150,149,-19.5,0,1
"1829",6.07702781658513e-05,-4.45564807905842,10.690277204608,13,150,149,-19.5,1,1
"1830",6.07702781658513e-05,-4.45564807905842,10.690277204608,13,150,149,-23.5,0,1
"1831",6.07702781658513e-05,-4.45564807905842,10.690277204608,13,150,149,-22.5,0,1
"1832",6.07702781658513e-05,-4.45564807905842,10.690277204608,13,150,149,8.5,1,1
"1833",6.07702781658513e-05,-4.45564807905842,10.690277204608,13,150,149,-22.5,0,1
"1834",6.07702781658513e-05,-4.45564807905842,10.690277204608,13,150,149,7.5,1,1
"1835",6.07702781658513e-05,-4.45564807905842,10.690277204608,13,150,149,-21.5,0,1
"1836",6.07702781658513e-05,-4.45564807905842,10.690277204608,13,150,149,7.5,1,1
"1837",6.07702781658513e-05,-4.45564807905842,10.690277204608,13,150,149,-21.5,0,1
"1838",6.07702781658513e-05,-4.45564807905842,10.690277204608,13,150,149,6.5,1,1
"1839",6.07702781658513e-05,-4.45564807905842,10.690277204608,13,150,149,-20.5,0,1
"1840",6.07702781658513e-05,-4.45564807905842,10.690277204608,13,150,149,-20.5,0,1
"1841",6.07702781658513e-05,-4.45564807905842,10.690277204608,13,150,149,5.5,1,1
"1842",6.07702781658513e-05,-4.45564807905842,10.690277204608,13,150,149,-19.5,0,1
"1843",6.07702781658513e-05,-4.45564807905842,10.690277204608,13,150,149,5.5,0,1
"1844",6.07702781658513e-05,-4.45564807905842,10.690277204608,13,150,149,8.5,1,1
"1845",6.07702781658513e-05,-4.45564807905842,10.690277204608,13,150,149,8.5,1,1
"1846",6.07702781658513e-05,-4.45564807905842,10.690277204608,13,150,149,-20.5,0,1
"1847",6.07702781658513e-05,-4.45564807905842,10.690277204608,13,150,149,7.5,1,1
"1848",6.07702781658513e-05,-4.45564807905842,10.690277204608,13,150,149,-19.5,0,1
"1849",6.07702781658513e-05,-4.45564807905842,10.690277204608,13,150,149,6.5,1,1
"1850",6.07702781658513e-05,-4.45564807905842,10.690277204608,13,150,149,-19.5,0,1
"1851",6.07702781658513e-05,-4.45564807905842,10.690277204608,13,150,149,6.5,0,1
"1852",6.07702781658513e-05,-4.45564807905842,10.690277204608,13,150,149,9.5,1,1
"1853",6.07702781658513e-05,-4.45564807905842,10.690277204608,13,150,149,8.5,0,1
"1854",6.07702781658513e-05,-4.45564807905842,10.690277204608,13,150,149,11.5,1,1
"1855",6.07702781658513e-05,-4.45564807905842,10.690277204608,13,150,149,11.5,1,1
"1856",6.07702781658513e-05,-4.45564807905842,10.690277204608,13,150,149,-20.5,0,1
"1857",6.07702781658513e-05,-4.45564807905842,10.690277204608,13,150,149,10.5,1,1
"1858",6.07702781658513e-05,-4.45564807905842,10.690277204608,13,150,149,-20.5,0,1
"1859",6.07702781658513e-05,-4.45564807905842,10.690277204608,13,150,149,10.5,1,1
"1860",6.07702781658513e-05,-4.45564807905842,10.690277204608,13,150,149,-19.5,0,1
"1861",6.07702781658513e-05,-4.45564807905842,10.690277204608,13,150,149,9.5,1,1
"1862",6.07702781658513e-05,-4.45564807905842,10.690277204608,13,150,149,-19.5,0,1
"1863",6.07702781658513e-05,-4.45564807905842,10.690277204608,13,150,149,9.5,1,1
"1864",6.07702781658513e-05,-4.45564807905842,10.690277204608,13,150,149,-18.5,0,1
"1865",6.07702781658513e-05,-4.45564807905842,10.690277204608,13,150,149,8.5,1,1
"1866",6.07702781658513e-05,-4.45564807905842,10.690277204608,13,150,149,-18.5,0,1
"1867",6.07702781658513e-05,-4.45564807905842,10.690277204608,13,150,149,-17.5,0,1
"1868",6.07702781658513e-05,-4.45564807905842,10.690277204608,13,150,149,7.5,1,1
"1869",6.07702781658513e-05,-4.45564807905842,10.690277204608,13,150,149,-17.5,0,1
"1870",6.07702781658513e-05,-4.45564807905842,10.690277204608,13,150,149,7.5,1,1
"1871",6.07702781658513e-05,-4.45564807905842,10.690277204608,13,150,149,-16.5,0,1
"1872",6.07702781658513e-05,-4.45564807905842,10.690277204608,13,150,149,6.5,1,1
"1873",6.07702781658513e-05,-4.45564807905842,10.690277204608,13,150,149,-16.5,0,1
"1874",6.07702781658513e-05,-4.45564807905842,10.690277204608,13,150,149,6.5,1,1
"1875",6.07702781658513e-05,-4.45564807905842,10.690277204608,13,150,149,-15.5,0,1
"1876",6.07702781658513e-05,-4.45564807905842,10.690277204608,13,150,149,-15.5,0,1
"1877",6.07702781658513e-05,-4.45564807905842,10.690277204608,13,150,149,5.5,1,1
"1878",6.07702781658513e-05,-4.45564807905842,10.690277204608,13,150,149,-15.5,0,1
"1879",6.07702781658513e-05,-4.45564807905842,10.690277204608,13,150,149,5.5,1,1
"1880",6.07702781658513e-05,-4.45564807905842,10.690277204608,13,150,149,-14.5,0,1
"1881",6.07702781658513e-05,-4.45564807905842,10.690277204608,13,150,149,5.5,1,1
"1882",6.07702781658513e-05,-4.45564807905842,10.690277204608,13,150,149,-14.5,0,1
"1883",6.07702781658513e-05,-4.45564807905842,10.690277204608,13,150,149,4.5,0,1
"1884",6.07702781658513e-05,-4.45564807905842,10.690277204608,13,150,149,-14.5,1,1
"1885",6.07702781658513e-05,-4.45564807905842,10.690277204608,13,150,149,6.5,1,1
"1886",6.07702781658513e-05,-4.45564807905842,10.690277204608,13,150,149,6.5,1,1
"1887",6.07702781658513e-05,-4.45564807905842,10.690277204608,13,150,149,-16.5,0,1
"1888",6.07702781658513e-05,-4.45564807905842,10.690277204608,13,150,149,-15.5,0,1
"1889",6.07702781658513e-05,-4.45564807905842,10.690277204608,13,150,149,5.5,1,1
"1890",6.07702781658513e-05,-4.45564807905842,10.690277204608,13,150,149,-15.5,0,1
"1891",6.07702781658513e-05,-4.45564807905842,10.690277204608,13,150,149,5.5,1,1
"1892",6.07702781658513e-05,-4.45564807905842,10.690277204608,13,150,149,-15.5,0,1
"1893",6.07702781658513e-05,-4.45564807905842,10.690277204608,13,150,149,5.5,1,1
"1894",6.07702781658513e-05,-4.45564807905842,10.690277204608,13,150,149,-14.5,0,1
"1895",6.07702781658513e-05,-4.45564807905842,10.690277204608,13,150,149,5.5,0,1
"1896",6.07702781658513e-05,-4.45564807905842,10.690277204608,13,150,149,-15.5,0,1
"1897",6.07702781658513e-05,-4.45564807905842,10.690277204608,13,150,149,6.5,1,1
"1898",6.07702781658513e-05,-4.45564807905842,10.690277204608,13,150,149,-14.5,0,1
"1899",6.07702781658513e-05,-4.45564807905842,10.690277204608,13,150,149,6.5,0,1
"1900",6.07702781658513e-05,-4.45564807905842,10.690277204608,13,150,149,7.5,1,1
"1901",6.07702781658513e-05,-4.45564807905842,10.690277204608,13,150,149,-14.5,0,1
"1902",6.07702781658513e-05,-4.45564807905842,10.690277204608,13,150,149,-14.5,1,1
"1903",6.07702781658513e-05,-4.45564807905842,10.690277204608,13,150,149,7.5,0,1
"1904",6.07702781658513e-05,-4.45564807905842,10.690277204608,13,150,149,8.5,1,1
"1905",6.07702781658513e-05,-4.45564807905842,10.690277204608,13,150,149,8.5,1,1
"1906",6.07702781658513e-05,-4.45564807905842,10.690277204608,13,150,149,-16.5,0,1
"1907",6.07702781658513e-05,-4.45564807905842,10.690277204608,13,150,149,8.5,1,1
"1908",6.07702781658513e-05,-4.45564807905842,10.690277204608,13,150,149,-15.5,0,1
"1909",6.07702781658513e-05,-4.45564807905842,10.690277204608,13,150,149,7.5,1,1
"1910",6.07702781658513e-05,-4.45564807905842,10.690277204608,13,150,149,-15.5,0,1
"1911",6.07702781658513e-05,-4.45564807905842,10.690277204608,13,150,149,-15.5,0,1
"1912",6.07702781658513e-05,-4.45564807905842,10.690277204608,13,150,149,7.5,1,1
"1913",6.07702781658513e-05,-4.45564807905842,10.690277204608,13,150,149,-15.5,0,1
"1914",6.07702781658513e-05,-4.45564807905842,10.690277204608,13,150,149,7.5,1,1
"1915",6.07702781658513e-05,-4.45564807905842,10.690277204608,13,150,149,-14.5,0,1
"1916",6.07702781658513e-05,-4.45564807905842,10.690277204608,13,150,149,7.5,1,1
"1917",6.07702781658513e-05,-4.45564807905842,10.690277204608,13,150,149,-14.5,1,1
"1918",6.07702781658513e-05,-4.45564807905842,10.690277204608,13,150,149,7.5,1,1
"1919",6.07702781658513e-05,-4.45564807905842,10.690277204608,13,150,149,-15.5,0,1
"1920",6.07702781658513e-05,-4.45564807905842,10.690277204608,13,150,149,6.5,1,1
"1921",6.07702781658513e-05,-4.45564807905842,10.690277204608,13,150,149,-15.5,0,1
"1922",6.07702781658513e-05,-4.45564807905842,10.690277204608,13,150,149,6.5,1,1
"1923",6.07702781658513e-05,-4.45564807905842,10.690277204608,13,150,149,-15.5,0,1
"1924",6.07702781658513e-05,-4.45564807905842,10.690277204608,13,150,149,6.5,1,1
"1925",6.07702781658513e-05,-4.45564807905842,10.690277204608,13,150,149,-14.5,0,1
"1926",6.07702781658513e-05,-4.45564807905842,10.690277204608,13,150,149,-14.5,1,1
"1927",6.07702781658513e-05,-4.45564807905842,10.690277204608,13,150,149,6.5,1,1
"1928",6.07702781658513e-05,-4.45564807905842,10.690277204608,13,150,149,6.5,1,1
"1929",6.07702781658513e-05,-4.45564807905842,10.690277204608,13,150,149,-15.5,1,1
"1930",6.07702781658513e-05,-4.45564807905842,10.690277204608,13,150,149,6.5,1,1
"1931",6.07702781658513e-05,-4.45564807905842,10.690277204608,13,150,149,-16.5,0,1
"1932",6.07702781658513e-05,-4.45564807905842,10.690277204608,13,150,149,6.5,1,1
"1933",6.07702781658513e-05,-4.45564807905842,10.690277204608,13,150,149,-16.5,0,1
"1934",6.07702781658513e-05,-4.45564807905842,10.690277204608,13,150,149,5.5,1,1
"1935",6.07702781658513e-05,-4.45564807905842,10.690277204608,13,150,149,-15.5,0,1
"1936",6.07702781658513e-05,-4.45564807905842,10.690277204608,13,150,149,5.5,1,1
"1937",6.07702781658513e-05,-4.45564807905842,10.690277204608,13,150,149,-15.5,0,1
"1938",6.07702781658513e-05,-4.45564807905842,10.690277204608,13,150,149,5.5,0,1
"1939",6.07702781658513e-05,-4.45564807905842,10.690277204608,13,150,149,-15.5,0,1
"1940",6.07702781658513e-05,-4.45564807905842,10.690277204608,13,150,149,6.5,1,1
"1941",6.07702781658513e-05,-4.45564807905842,10.690277204608,13,150,149,-15.5,0,1
"1942",6.07702781658513e-05,-4.45564807905842,10.690277204608,13,150,149,6.5,1,1
"1943",6.07702781658513e-05,-4.45564807905842,10.690277204608,13,150,149,-15.5,0,1
"1944",6.07702781658513e-05,-4.45564807905842,10.690277204608,13,150,149,5.5,1,1
"1945",6.07702781658513e-05,-4.45564807905842,10.690277204608,13,150,149,-15.5,0,1
"1946",6.07702781658513e-05,-4.45564807905842,10.690277204608,13,150,149,5.5,1,1
"1947",6.07702781658513e-05,-4.45564807905842,10.690277204608,13,150,149,-15.5,1,1
"1948",6.07702781658513e-05,-4.45564807905842,10.690277204608,13,150,149,5.5,1,1
"1949",6.07702781658513e-05,-4.45564807905842,10.690277204608,13,150,149,-15.5,0,1
"1950",6.07702781658513e-05,-4.45564807905842,10.690277204608,13,150,149,5.5,1,1
"1951",0.00165178923548607,-5.67048209069396,14.964861457579,14,150,149,-0.5,1,1
"1952",0.00165178923548607,-5.67048209069396,14.964861457579,14,150,149,-23.5,0,1
"1953",0.00165178923548607,-5.67048209069396,14.964861457579,14,150,149,-11.5,1,1
"1954",0.00165178923548607,-5.67048209069396,14.964861457579,14,150,149,-19.5,0,1
"1955",0.00165178923548607,-5.67048209069396,14.964861457579,14,150,149,-14.5,0,1
"1956",0.00165178923548607,-5.67048209069396,14.964861457579,14,150,149,-6.5,0,1
"1957",0.00165178923548607,-5.67048209069396,14.964861457579,14,150,149,2.5,1,1
"1958",0.00165178923548607,-5.67048209069396,14.964861457579,14,150,149,0.5,1,1
"1959",0.00165178923548607,-5.67048209069396,14.964861457579,14,150,149,-16.5,0,1
"1960",0.00165178923548607,-5.67048209069396,14.964861457579,14,150,149,-0.5,1,1
"1961",0.00165178923548607,-5.67048209069396,14.964861457579,14,150,149,-16.5,0,1
"1962",0.00165178923548607,-5.67048209069396,14.964861457579,14,150,149,-3.5,1,1
"1963",0.00165178923548607,-5.67048209069396,14.964861457579,14,150,149,-10.5,1,1
"1964",0.00165178923548607,-5.67048209069396,14.964861457579,14,150,149,-18.5,0,1
"1965",0.00165178923548607,-5.67048209069396,14.964861457579,14,150,149,-4.5,1,1
"1966",0.00165178923548607,-5.67048209069396,14.964861457579,14,150,149,-17.5,0,1
"1967",0.00165178923548607,-5.67048209069396,14.964861457579,14,150,149,-10.5,1,1
"1968",0.00165178923548607,-5.67048209069396,14.964861457579,14,150,149,-10.5,0,1
"1969",0.00165178923548607,-5.67048209069396,14.964861457579,14,150,149,-3.5,0,1
"1970",0.00165178923548607,-5.67048209069396,14.964861457579,14,150,149,1.5,1,1
"1971",0.00165178923548607,-5.67048209069396,14.964861457579,14,150,149,-19.5,0,1
"1972",0.00165178923548607,-5.67048209069396,14.964861457579,14,150,149,0.5,0,1
"1973",0.00165178923548607,-5.67048209069396,14.964861457579,14,150,149,4.5,1,1
"1974",0.00165178923548607,-5.67048209069396,14.964861457579,14,150,149,4.5,0,1
"1975",0.00165178923548607,-5.67048209069396,14.964861457579,14,150,149,8.5,1,1
"1976",0.00165178923548607,-5.67048209069396,14.964861457579,14,150,149,7.5,1,1
"1977",0.00165178923548607,-5.67048209069396,14.964861457579,14,150,149,-20.5,0,1
"1978",0.00165178923548607,-5.67048209069396,14.964861457579,14,150,149,7.5,0,1
"1979",0.00165178923548607,-5.67048209069396,14.964861457579,14,150,149,10.5,1,1
"1980",0.00165178923548607,-5.67048209069396,14.964861457579,14,150,149,10.5,1,1
"1981",0.00165178923548607,-5.67048209069396,14.964861457579,14,150,149,-20.5,0,1
"1982",0.00165178923548607,-5.67048209069396,14.964861457579,14,150,149,9.5,1,1
"1983",0.00165178923548607,-5.67048209069396,14.964861457579,14,150,149,-20.5,0,1
"1984",0.00165178923548607,-5.67048209069396,14.964861457579,14,150,149,9.5,1,1
"1985",0.00165178923548607,-5.67048209069396,14.964861457579,14,150,149,-19.5,0,1
"1986",0.00165178923548607,-5.67048209069396,14.964861457579,14,150,149,8.5,1,1
"1987",0.00165178923548607,-5.67048209069396,14.964861457579,14,150,149,-19.5,0,1
"1988",0.00165178923548607,-5.67048209069396,14.964861457579,14,150,149,8.5,0,1
"1989",0.00165178923548607,-5.67048209069396,14.964861457579,14,150,149,11.5,0,1
"1990",0.00165178923548607,-5.67048209069396,14.964861457579,14,150,149,14.5,1,1
"1991",0.00165178923548607,-5.67048209069396,14.964861457579,14,150,149,13.5,1,1
"1992",0.00165178923548607,-5.67048209069396,14.964861457579,14,150,149,-19.5,0,1
"1993",0.00165178923548607,-5.67048209069396,14.964861457579,14,150,149,13.5,1,1
"1994",0.00165178923548607,-5.67048209069396,14.964861457579,14,150,149,-19.5,0,1
"1995",0.00165178923548607,-5.67048209069396,14.964861457579,14,150,149,13.5,1,1
"1996",0.00165178923548607,-5.67048209069396,14.964861457579,14,150,149,-19.5,0,1
"1997",0.00165178923548607,-5.67048209069396,14.964861457579,14,150,149,12.5,1,1
"1998",0.00165178923548607,-5.67048209069396,14.964861457579,14,150,149,-18.5,0,1
"1999",0.00165178923548607,-5.67048209069396,14.964861457579,14,150,149,12.5,1,1
"2000",0.00165178923548607,-5.67048209069396,14.964861457579,14,150,149,-18.5,1,1
"2001",0.00165178923548607,-5.67048209069396,14.964861457579,14,150,149,-20.5,0,1
"2002",0.00165178923548607,-5.67048209069396,14.964861457579,14,150,149,12.5,1,1
"2003",0.00165178923548607,-5.67048209069396,14.964861457579,14,150,149,-20.5,0,1
"2004",0.00165178923548607,-5.67048209069396,14.964861457579,14,150,149,11.5,1,1
"2005",0.00165178923548607,-5.67048209069396,14.964861457579,14,150,149,-19.5,0,1
"2006",0.00165178923548607,-5.67048209069396,14.964861457579,14,150,149,11.5,1,1
"2007",0.00165178923548607,-5.67048209069396,14.964861457579,14,150,149,-19.5,0,1
"2008",0.00165178923548607,-5.67048209069396,14.964861457579,14,150,149,10.5,1,1
"2009",0.00165178923548607,-5.67048209069396,14.964861457579,14,150,149,-18.5,0,1
"2010",0.00165178923548607,-5.67048209069396,14.964861457579,14,150,149,10.5,1,1
"2011",0.00165178923548607,-5.67048209069396,14.964861457579,14,150,149,-18.5,0,1
"2012",0.00165178923548607,-5.67048209069396,14.964861457579,14,150,149,9.5,1,1
"2013",0.00165178923548607,-5.67048209069396,14.964861457579,14,150,149,-17.5,0,1
"2014",0.00165178923548607,-5.67048209069396,14.964861457579,14,150,149,9.5,1,1
"2015",0.00165178923548607,-5.67048209069396,14.964861457579,14,150,149,-17.5,0,1
"2016",0.00165178923548607,-5.67048209069396,14.964861457579,14,150,149,8.5,1,1
"2017",0.00165178923548607,-5.67048209069396,14.964861457579,14,150,149,-16.5,1,1
"2018",0.00165178923548607,-5.67048209069396,14.964861457579,14,150,149,-19.5,0,1
"2019",0.00165178923548607,-5.67048209069396,14.964861457579,14,150,149,8.5,1,1
"2020",0.00165178923548607,-5.67048209069396,14.964861457579,14,150,149,8.5,0,1
"2021",0.00165178923548607,-5.67048209069396,14.964861457579,14,150,149,-19.5,0,1
"2022",0.00165178923548607,-5.67048209069396,14.964861457579,14,150,149,10.5,1,1
"2023",0.00165178923548607,-5.67048209069396,14.964861457579,14,150,149,-18.5,0,1
"2024",0.00165178923548607,-5.67048209069396,14.964861457579,14,150,149,10.5,1,1
"2025",0.00165178923548607,-5.67048209069396,14.964861457579,14,150,149,-18.5,1,1
"2026",0.00165178923548607,-5.67048209069396,14.964861457579,14,150,149,-20.5,0,1
"2027",0.00165178923548607,-5.67048209069396,14.964861457579,14,150,149,10.5,1,1
"2028",0.00165178923548607,-5.67048209069396,14.964861457579,14,150,149,-19.5,0,1
"2029",0.00165178923548607,-5.67048209069396,14.964861457579,14,150,149,9.5,0,1
"2030",0.00165178923548607,-5.67048209069396,14.964861457579,14,150,149,11.5,1,1
"2031",0.00165178923548607,-5.67048209069396,14.964861457579,14,150,149,-19.5,0,1
"2032",0.00165178923548607,-5.67048209069396,14.964861457579,14,150,149,11.5,0,1
"2033",0.00165178923548607,-5.67048209069396,14.964861457579,14,150,149,13.5,1,1
"2034",0.00165178923548607,-5.67048209069396,14.964861457579,14,150,149,-20.5,1,1
"2035",0.00165178923548607,-5.67048209069396,14.964861457579,14,150,149,-21.5,0,1
"2036",0.00165178923548607,-5.67048209069396,14.964861457579,14,150,149,13.5,1,1
"2037",0.00165178923548607,-5.67048209069396,14.964861457579,14,150,149,-21.5,0,1
"2038",0.00165178923548607,-5.67048209069396,14.964861457579,14,150,149,13.5,1,1
"2039",0.00165178923548607,-5.67048209069396,14.964861457579,14,150,149,-21.5,0,1
"2040",0.00165178923548607,-5.67048209069396,14.964861457579,14,150,149,12.5,1,1
"2041",0.00165178923548607,-5.67048209069396,14.964861457579,14,150,149,-20.5,0,1
"2042",0.00165178923548607,-5.67048209069396,14.964861457579,14,150,149,12.5,0,1
"2043",0.00165178923548607,-5.67048209069396,14.964861457579,14,150,149,14.5,1,1
"2044",0.00165178923548607,-5.67048209069396,14.964861457579,14,150,149,-21.5,0,1
"2045",0.00165178923548607,-5.67048209069396,14.964861457579,14,150,149,13.5,1,1
"2046",0.00165178923548607,-5.67048209069396,14.964861457579,14,150,149,-20.5,0,1
"2047",0.00165178923548607,-5.67048209069396,14.964861457579,14,150,149,13.5,1,1
"2048",0.00165178923548607,-5.67048209069396,14.964861457579,14,150,149,-20.5,0,1
"2049",0.00165178923548607,-5.67048209069396,14.964861457579,14,150,149,12.5,0,1
"2050",0.00165178923548607,-5.67048209069396,14.964861457579,14,150,149,14.5,1,1
"2051",0.00165178923548607,-5.67048209069396,14.964861457579,14,150,149,-20.5,0,1
"2052",0.00165178923548607,-5.67048209069396,14.964861457579,14,150,149,14.5,1,1
"2053",0.00165178923548607,-5.67048209069396,14.964861457579,14,150,149,-20.5,0,1
"2054",0.00165178923548607,-5.67048209069396,14.964861457579,14,150,149,13.5,1,1
"2055",0.00165178923548607,-5.67048209069396,14.964861457579,14,150,149,-19.5,0,1
"2056",0.00165178923548607,-5.67048209069396,14.964861457579,14,150,149,13.5,1,1
"2057",0.00165178923548607,-5.67048209069396,14.964861457579,14,150,149,-19.5,0,1
"2058",0.00165178923548607,-5.67048209069396,14.964861457579,14,150,149,-19.5,1,1
"2059",0.00165178923548607,-5.67048209069396,14.964861457579,14,150,149,13.5,1,1
"2060",0.00165178923548607,-5.67048209069396,14.964861457579,14,150,149,-20.5,0,1
"2061",0.00165178923548607,-5.67048209069396,14.964861457579,14,150,149,13.5,0,1
"2062",0.00165178923548607,-5.67048209069396,14.964861457579,14,150,149,14.5,1,1
"2063",0.00165178923548607,-5.67048209069396,14.964861457579,14,150,149,-20.5,0,1
"2064",0.00165178923548607,-5.67048209069396,14.964861457579,14,150,149,14.5,1,1
"2065",0.00165178923548607,-5.67048209069396,14.964861457579,14,150,149,-20.5,1,1
"2066",0.00165178923548607,-5.67048209069396,14.964861457579,14,150,149,-21.5,0,1
"2067",0.00165178923548607,-5.67048209069396,14.964861457579,14,150,149,14.5,1,1
"2068",0.00165178923548607,-5.67048209069396,14.964861457579,14,150,149,-21.5,0,1
"2069",0.00165178923548607,-5.67048209069396,14.964861457579,14,150,149,14.5,1,1
"2070",0.00165178923548607,-5.67048209069396,14.964861457579,14,150,149,-21.5,0,1
"2071",0.00165178923548607,-5.67048209069396,14.964861457579,14,150,149,14.5,1,1
"2072",0.00165178923548607,-5.67048209069396,14.964861457579,14,150,149,-20.5,0,1
"2073",0.00165178923548607,-5.67048209069396,14.964861457579,14,150,149,13.5,1,1
"2074",0.00165178923548607,-5.67048209069396,14.964861457579,14,150,149,-20.5,0,1
"2075",0.00165178923548607,-5.67048209069396,14.964861457579,14,150,149,13.5,1,1
"2076",0.00165178923548607,-5.67048209069396,14.964861457579,14,150,149,-20.5,0,1
"2077",0.00165178923548607,-5.67048209069396,14.964861457579,14,150,149,13.5,1,1
"2078",0.00165178923548607,-5.67048209069396,14.964861457579,14,150,149,-19.5,0,1
"2079",0.00165178923548607,-5.67048209069396,14.964861457579,14,150,149,12.5,1,1
"2080",0.00165178923548607,-5.67048209069396,14.964861457579,14,150,149,-19.5,0,1
"2081",0.00165178923548607,-5.67048209069396,14.964861457579,14,150,149,12.5,1,1
"2082",0.00165178923548607,-5.67048209069396,14.964861457579,14,150,149,-19.5,0,1
"2083",0.00165178923548607,-5.67048209069396,14.964861457579,14,150,149,12.5,1,1
"2084",0.00165178923548607,-5.67048209069396,14.964861457579,14,150,149,-19.5,0,1
"2085",0.00165178923548607,-5.67048209069396,14.964861457579,14,150,149,11.5,1,1
"2086",0.00165178923548607,-5.67048209069396,14.964861457579,14,150,149,-18.5,0,1
"2087",0.00165178923548607,-5.67048209069396,14.964861457579,14,150,149,11.5,1,1
"2088",0.00165178923548607,-5.67048209069396,14.964861457579,14,150,149,-18.5,0,1
"2089",0.00165178923548607,-5.67048209069396,14.964861457579,14,150,149,11.5,1,1
"2090",0.00165178923548607,-5.67048209069396,14.964861457579,14,150,149,-18.5,1,1
"2091",0.00165178923548607,-5.67048209069396,14.964861457579,14,150,149,11.5,0,1
"2092",0.00165178923548607,-5.67048209069396,14.964861457579,14,150,149,-19.5,0,1
"2093",0.00165178923548607,-5.67048209069396,14.964861457579,14,150,149,12.5,1,1
"2094",0.00165178923548607,-5.67048209069396,14.964861457579,14,150,149,-19.5,0,1
"2095",0.00165178923548607,-5.67048209069396,14.964861457579,14,150,149,12.5,1,1
"2096",0.00165178923548607,-5.67048209069396,14.964861457579,14,150,149,-19.5,1,1
"2097",0.00165178923548607,-5.67048209069396,14.964861457579,14,150,149,12.5,1,1
"2098",0.00165178923548607,-5.67048209069396,14.964861457579,14,150,149,-20.5,0,1
"2099",0.00165178923548607,-5.67048209069396,14.964861457579,14,150,149,12.5,1,1
"2100",0.00165178923548607,-5.67048209069396,14.964861457579,14,150,149,-20.5,1,1
"2101",0.0136068054073359,-15.8224410512367,14.0422786157318,15,150,149,-0.5,1,1
"2102",0.0136068054073359,-15.8224410512367,14.0422786157318,15,150,149,-23.5,0,1
"2103",0.0136068054073359,-15.8224410512367,14.0422786157318,15,150,149,-11.5,1,1
"2104",0.0136068054073359,-15.8224410512367,14.0422786157318,15,150,149,-19.5,0,1
"2105",0.0136068054073359,-15.8224410512367,14.0422786157318,15,150,149,-14.5,0,1
"2106",0.0136068054073359,-15.8224410512367,14.0422786157318,15,150,149,-6.5,0,1
"2107",0.0136068054073359,-15.8224410512367,14.0422786157318,15,150,149,2.5,1,1
"2108",0.0136068054073359,-15.8224410512367,14.0422786157318,15,150,149,0.5,0,1
"2109",0.0136068054073359,-15.8224410512367,14.0422786157318,15,150,149,6.5,1,1
"2110",0.0136068054073359,-15.8224410512367,14.0422786157318,15,150,149,5.5,1,1
"2111",0.0136068054073359,-15.8224410512367,14.0422786157318,15,150,149,-14.5,0,1
"2112",0.0136068054073359,-15.8224410512367,14.0422786157318,15,150,149,5.5,1,1
"2113",0.0136068054073359,-15.8224410512367,14.0422786157318,15,150,149,-14.5,1,1
"2114",0.0136068054073359,-15.8224410512367,14.0422786157318,15,150,149,-20.5,1,1
"2115",0.0136068054073359,-15.8224410512367,14.0422786157318,15,150,149,-23.5,1,1
"2116",0.0136068054073359,-15.8224410512367,14.0422786157318,15,150,149,-26.5,0,1
"2117",0.0136068054073359,-15.8224410512367,14.0422786157318,15,150,149,-25.5,0,1
"2118",0.0136068054073359,-15.8224410512367,14.0422786157318,15,150,149,-25.5,0,1
"2119",0.0136068054073359,-15.8224410512367,14.0422786157318,15,150,149,1.5,1,1
"2120",0.0136068054073359,-15.8224410512367,14.0422786157318,15,150,149,-26.5,1,1
"2121",0.0136068054073359,-15.8224410512367,14.0422786157318,15,150,149,-28.5,0,1
"2122",0.0136068054073359,-15.8224410512367,14.0422786157318,15,150,149,-27.5,0,1
"2123",0.0136068054073359,-15.8224410512367,14.0422786157318,15,150,149,0.5,1,1
"2124",0.0136068054073359,-15.8224410512367,14.0422786157318,15,150,149,-28.5,0,1
"2125",0.0136068054073359,-15.8224410512367,14.0422786157318,15,150,149,0.5,1,1
"2126",0.0136068054073359,-15.8224410512367,14.0422786157318,15,150,149,-29.5,0,1
"2127",0.0136068054073359,-15.8224410512367,14.0422786157318,15,150,149,0.5,1,1
"2128",0.0136068054073359,-15.8224410512367,14.0422786157318,15,150,149,0.5,0,1
"2129",0.0136068054073359,-15.8224410512367,14.0422786157318,15,150,149,2.5,1,1
"2130",0.0136068054073359,-15.8224410512367,14.0422786157318,15,150,149,-28.5,0,1
"2131",0.0136068054073359,-15.8224410512367,14.0422786157318,15,150,149,3.5,1,1
"2132",0.0136068054073359,-15.8224410512367,14.0422786157318,15,150,149,-28.5,0,1
"2133",0.0136068054073359,-15.8224410512367,14.0422786157318,15,150,149,3.5,1,1
"2134",0.0136068054073359,-15.8224410512367,14.0422786157318,15,150,149,-28.5,0,1
"2135",0.0136068054073359,-15.8224410512367,14.0422786157318,15,150,149,3.5,1,1
"2136",0.0136068054073359,-15.8224410512367,14.0422786157318,15,150,149,-28.5,1,1
"2137",0.0136068054073359,-15.8224410512367,14.0422786157318,15,150,149,-30.5,0,1
"2138",0.0136068054073359,-15.8224410512367,14.0422786157318,15,150,149,-30.5,0,1
"2139",0.0136068054073359,-15.8224410512367,14.0422786157318,15,150,149,2.5,1,1
"2140",0.0136068054073359,-15.8224410512367,14.0422786157318,15,150,149,2.5,0,1
"2141",0.0136068054073359,-15.8224410512367,14.0422786157318,15,150,149,4.5,1,1
"2142",0.0136068054073359,-15.8224410512367,14.0422786157318,15,150,149,-29.5,0,1
"2143",0.0136068054073359,-15.8224410512367,14.0422786157318,15,150,149,4.5,1,1
"2144",0.0136068054073359,-15.8224410512367,14.0422786157318,15,150,149,-29.5,0,1
"2145",0.0136068054073359,-15.8224410512367,14.0422786157318,15,150,149,4.5,1,1
"2146",0.0136068054073359,-15.8224410512367,14.0422786157318,15,150,149,-29.5,0,1
"2147",0.0136068054073359,-15.8224410512367,14.0422786157318,15,150,149,4.5,1,1
"2148",0.0136068054073359,-15.8224410512367,14.0422786157318,15,150,149,-29.5,0,1
"2149",0.0136068054073359,-15.8224410512367,14.0422786157318,15,150,149,3.5,1,1
"2150",0.0136068054073359,-15.8224410512367,14.0422786157318,15,150,149,-29.5,0,1
"2151",0.0136068054073359,-15.8224410512367,14.0422786157318,15,150,149,3.5,1,1
"2152",0.0136068054073359,-15.8224410512367,14.0422786157318,15,150,149,-28.5,1,1
"2153",0.0136068054073359,-15.8224410512367,14.0422786157318,15,150,149,-30.5,0,1
"2154",0.0136068054073359,-15.8224410512367,14.0422786157318,15,150,149,3.5,1,1
"2155",0.0136068054073359,-15.8224410512367,14.0422786157318,15,150,149,-30.5,0,1
"2156",0.0136068054073359,-15.8224410512367,14.0422786157318,15,150,149,2.5,1,1
"2157",0.0136068054073359,-15.8224410512367,14.0422786157318,15,150,149,-30.5,0,1
"2158",0.0136068054073359,-15.8224410512367,14.0422786157318,15,150,149,2.5,1,1
"2159",0.0136068054073359,-15.8224410512367,14.0422786157318,15,150,149,-30.5,0,1
"2160",0.0136068054073359,-15.8224410512367,14.0422786157318,15,150,149,2.5,1,1
"2161",0.0136068054073359,-15.8224410512367,14.0422786157318,15,150,149,-29.5,0,1
"2162",0.0136068054073359,-15.8224410512367,14.0422786157318,15,150,149,1.5,1,1
"2163",0.0136068054073359,-15.8224410512367,14.0422786157318,15,150,149,-29.5,1,1
"2164",0.0136068054073359,-15.8224410512367,14.0422786157318,15,150,149,-31.5,0,1
"2165",0.0136068054073359,-15.8224410512367,14.0422786157318,15,150,149,1.5,1,1
"2166",0.0136068054073359,-15.8224410512367,14.0422786157318,15,150,149,-31.5,0,1
"2167",0.0136068054073359,-15.8224410512367,14.0422786157318,15,150,149,1.5,1,1
"2168",0.0136068054073359,-15.8224410512367,14.0422786157318,15,150,149,0.5,1,1
"2169",0.0136068054073359,-15.8224410512367,14.0422786157318,15,150,149,-30.5,0,1
"2170",0.0136068054073359,-15.8224410512367,14.0422786157318,15,150,149,0.5,1,1
"2171",0.0136068054073359,-15.8224410512367,14.0422786157318,15,150,149,-30.5,0,1
"2172",0.0136068054073359,-15.8224410512367,14.0422786157318,15,150,149,0.5,1,1
"2173",0.0136068054073359,-15.8224410512367,14.0422786157318,15,150,149,-29.5,0,1
"2174",0.0136068054073359,-15.8224410512367,14.0422786157318,15,150,149,-0.5,1,1
"2175",0.0136068054073359,-15.8224410512367,14.0422786157318,15,150,149,-0.5,1,1
"2176",0.0136068054073359,-15.8224410512367,14.0422786157318,15,150,149,-29.5,0,1
"2177",0.0136068054073359,-15.8224410512367,14.0422786157318,15,150,149,-1.5,1,1
"2178",0.0136068054073359,-15.8224410512367,14.0422786157318,15,150,149,-28.5,0,1
"2179",0.0136068054073359,-15.8224410512367,14.0422786157318,15,150,149,-1.5,0,1
"2180",0.0136068054073359,-15.8224410512367,14.0422786157318,15,150,149,-28.5,1,1
"2181",0.0136068054073359,-15.8224410512367,14.0422786157318,15,150,149,-30.5,0,1
"2182",0.0136068054073359,-15.8224410512367,14.0422786157318,15,150,149,0.5,1,1
"2183",0.0136068054073359,-15.8224410512367,14.0422786157318,15,150,149,-30.5,0,1
"2184",0.0136068054073359,-15.8224410512367,14.0422786157318,15,150,149,0.5,1,1
"2185",0.0136068054073359,-15.8224410512367,14.0422786157318,15,150,149,-30.5,0,1
"2186",0.0136068054073359,-15.8224410512367,14.0422786157318,15,150,149,-0.5,0,1
"2187",0.0136068054073359,-15.8224410512367,14.0422786157318,15,150,149,-30.5,0,1
"2188",0.0136068054073359,-15.8224410512367,14.0422786157318,15,150,149,1.5,1,1
"2189",0.0136068054073359,-15.8224410512367,14.0422786157318,15,150,149,-29.5,0,1
"2190",0.0136068054073359,-15.8224410512367,14.0422786157318,15,150,149,1.5,1,1
"2191",0.0136068054073359,-15.8224410512367,14.0422786157318,15,150,149,-29.5,0,1
"2192",0.0136068054073359,-15.8224410512367,14.0422786157318,15,150,149,0.5,1,1
"2193",0.0136068054073359,-15.8224410512367,14.0422786157318,15,150,149,-28.5,0,1
"2194",0.0136068054073359,-15.8224410512367,14.0422786157318,15,150,149,0.5,1,1
"2195",0.0136068054073359,-15.8224410512367,14.0422786157318,15,150,149,-28.5,0,1
"2196",0.0136068054073359,-15.8224410512367,14.0422786157318,15,150,149,0.5,0,1
"2197",0.0136068054073359,-15.8224410512367,14.0422786157318,15,150,149,-28.5,0,1
"2198",0.0136068054073359,-15.8224410512367,14.0422786157318,15,150,149,1.5,0,1
"2199",0.0136068054073359,-15.8224410512367,14.0422786157318,15,150,149,3.5,1,1
"2200",0.0136068054073359,-15.8224410512367,14.0422786157318,15,150,149,-28.5,1,1
"2201",0.0136068054073359,-15.8224410512367,14.0422786157318,15,150,149,-30.5,0,1
"2202",0.0136068054073359,-15.8224410512367,14.0422786157318,15,150,149,3.5,1,1
"2203",0.0136068054073359,-15.8224410512367,14.0422786157318,15,150,149,-30.5,0,1
"2204",0.0136068054073359,-15.8224410512367,14.0422786157318,15,150,149,3.5,1,1
"2205",0.0136068054073359,-15.8224410512367,14.0422786157318,15,150,149,-29.5,0,1
"2206",0.0136068054073359,-15.8224410512367,14.0422786157318,15,150,149,2.5,1,1
"2207",0.0136068054073359,-15.8224410512367,14.0422786157318,15,150,149,-29.5,0,1
"2208",0.0136068054073359,-15.8224410512367,14.0422786157318,15,150,149,2.5,1,1
"2209",0.0136068054073359,-15.8224410512367,14.0422786157318,15,150,149,-28.5,1,1
"2210",0.0136068054073359,-15.8224410512367,14.0422786157318,15,150,149,2.5,1,1
"2211",0.0136068054073359,-15.8224410512367,14.0422786157318,15,150,149,-30.5,0,1
"2212",0.0136068054073359,-15.8224410512367,14.0422786157318,15,150,149,2.5,1,1
"2213",0.0136068054073359,-15.8224410512367,14.0422786157318,15,150,149,-30.5,0,1
"2214",0.0136068054073359,-15.8224410512367,14.0422786157318,15,150,149,1.5,1,1
"2215",0.0136068054073359,-15.8224410512367,14.0422786157318,15,150,149,-29.5,0,1
"2216",0.0136068054073359,-15.8224410512367,14.0422786157318,15,150,149,1.5,1,1
"2217",0.0136068054073359,-15.8224410512367,14.0422786157318,15,150,149,-29.5,0,1
"2218",0.0136068054073359,-15.8224410512367,14.0422786157318,15,150,149,1.5,1,1
"2219",0.0136068054073359,-15.8224410512367,14.0422786157318,15,150,149,-29.5,0,1
"2220",0.0136068054073359,-15.8224410512367,14.0422786157318,15,150,149,0.5,1,1
"2221",0.0136068054073359,-15.8224410512367,14.0422786157318,15,150,149,-28.5,1,1
"2222",0.0136068054073359,-15.8224410512367,14.0422786157318,15,150,149,0.5,1,1
"2223",0.0136068054073359,-15.8224410512367,14.0422786157318,15,150,149,-30.5,0,1
"2224",0.0136068054073359,-15.8224410512367,14.0422786157318,15,150,149,0.5,0,1
"2225",0.0136068054073359,-15.8224410512367,14.0422786157318,15,150,149,-30.5,1,1
"2226",0.0136068054073359,-15.8224410512367,14.0422786157318,15,150,149,-31.5,0,1
"2227",0.0136068054073359,-15.8224410512367,14.0422786157318,15,150,149,2.5,1,1
"2228",0.0136068054073359,-15.8224410512367,14.0422786157318,15,150,149,-31.5,0,1
"2229",0.0136068054073359,-15.8224410512367,14.0422786157318,15,150,149,2.5,1,1
"2230",0.0136068054073359,-15.8224410512367,14.0422786157318,15,150,149,-30.5,0,1
"2231",0.0136068054073359,-15.8224410512367,14.0422786157318,15,150,149,1.5,1,1
"2232",0.0136068054073359,-15.8224410512367,14.0422786157318,15,150,149,1.5,1,1
"2233",0.0136068054073359,-15.8224410512367,14.0422786157318,15,150,149,-30.5,1,1
"2234",0.0136068054073359,-15.8224410512367,14.0422786157318,15,150,149,-31.5,0,1
"2235",0.0136068054073359,-15.8224410512367,14.0422786157318,15,150,149,1.5,1,1
"2236",0.0136068054073359,-15.8224410512367,14.0422786157318,15,150,149,-31.5,0,1
"2237",0.0136068054073359,-15.8224410512367,14.0422786157318,15,150,149,1.5,1,1
"2238",0.0136068054073359,-15.8224410512367,14.0422786157318,15,150,149,-31.5,0,1
"2239",0.0136068054073359,-15.8224410512367,14.0422786157318,15,150,149,1.5,1,1
"2240",0.0136068054073359,-15.8224410512367,14.0422786157318,15,150,149,-30.5,0,1
"2241",0.0136068054073359,-15.8224410512367,14.0422786157318,15,150,149,0.5,1,1
"2242",0.0136068054073359,-15.8224410512367,14.0422786157318,15,150,149,0.5,1,1
"2243",0.0136068054073359,-15.8224410512367,14.0422786157318,15,150,149,-30.5,0,1
"2244",0.0136068054073359,-15.8224410512367,14.0422786157318,15,150,149,0.5,1,1
"2245",0.0136068054073359,-15.8224410512367,14.0422786157318,15,150,149,-30.5,0,1
"2246",0.0136068054073359,-15.8224410512367,14.0422786157318,15,150,149,-0.5,1,1
"2247",0.0136068054073359,-15.8224410512367,14.0422786157318,15,150,149,-30.5,1,1
"2248",0.0136068054073359,-15.8224410512367,14.0422786157318,15,150,149,-31.5,1,1
"2249",0.0136068054073359,-15.8224410512367,14.0422786157318,15,150,149,-32.5,0,1
"2250",0.0136068054073359,-15.8224410512367,14.0422786157318,15,150,149,0.5,0,1
"2251",6.74252983502795e-06,9.95200326573077,9.78413894268913,1,150,149,-0.5,0,2
"2252",6.74252983502795e-06,9.95200326573077,9.78413894268913,1,150,149,22.5,1,2
"2253",6.74252983502795e-06,9.95200326573077,9.78413894268913,1,150,149,10.5,1,2
"2254",6.74252983502795e-06,9.95200326573077,9.78413894268913,1,150,149,-1.5,0,2
"2255",6.74252983502795e-06,9.95200326573077,9.78413894268913,1,150,149,6.5,0,2
"2256",6.74252983502795e-06,9.95200326573077,9.78413894268913,1,150,149,13.5,0,2
"2257",6.74252983502795e-06,9.95200326573077,9.78413894268913,1,150,149,22.5,1,2
"2258",6.74252983502795e-06,9.95200326573077,9.78413894268913,1,150,149,19.5,1,2
"2259",6.74252983502795e-06,9.95200326573077,9.78413894268913,1,150,149,4.5,1,2
"2260",6.74252983502795e-06,9.95200326573077,9.78413894268913,1,150,149,-1.5,0,2
"2261",6.74252983502795e-06,9.95200326573077,9.78413894268913,1,150,149,18.5,1,2
"2262",6.74252983502795e-06,9.95200326573077,9.78413894268913,1,150,149,-1.5,0,2
"2263",6.74252983502795e-06,9.95200326573077,9.78413894268913,1,150,149,18.5,0,2
"2264",6.74252983502795e-06,9.95200326573077,9.78413894268913,1,150,149,23.5,1,2
"2265",6.74252983502795e-06,9.95200326573077,9.78413894268913,1,150,149,-0.5,0,2
"2266",6.74252983502795e-06,9.95200326573077,9.78413894268913,1,150,149,23.5,1,2
"2267",6.74252983502795e-06,9.95200326573077,9.78413894268913,1,150,149,0.5,0,2
"2268",6.74252983502795e-06,9.95200326573077,9.78413894268913,1,150,149,23.5,0,2
"2269",6.74252983502795e-06,9.95200326573077,9.78413894268913,1,150,149,27.5,1,2
"2270",6.74252983502795e-06,9.95200326573077,9.78413894268913,1,150,149,26.5,1,2
"2271",6.74252983502795e-06,9.95200326573077,9.78413894268913,1,150,149,0.5,0,2
"2272",6.74252983502795e-06,9.95200326573077,9.78413894268913,1,150,149,26.5,0,2
"2273",6.74252983502795e-06,9.95200326573077,9.78413894268913,1,150,149,29.5,1,2
"2274",6.74252983502795e-06,9.95200326573077,9.78413894268913,1,150,149,29.5,1,2
"2275",6.74252983502795e-06,9.95200326573077,9.78413894268913,1,150,149,0.5,0,2
"2276",6.74252983502795e-06,9.95200326573077,9.78413894268913,1,150,149,1.5,0,2
"2277",6.74252983502795e-06,9.95200326573077,9.78413894268913,1,150,149,29.5,1,2
"2278",6.74252983502795e-06,9.95200326573077,9.78413894268913,1,150,149,1.5,0,2
"2279",6.74252983502795e-06,9.95200326573077,9.78413894268913,1,150,149,28.5,1,2
"2280",6.74252983502795e-06,9.95200326573077,9.78413894268913,1,150,149,2.5,0,2
"2281",6.74252983502795e-06,9.95200326573077,9.78413894268913,1,150,149,28.5,1,2
"2282",6.74252983502795e-06,9.95200326573077,9.78413894268913,1,150,149,3.5,0,2
"2283",6.74252983502795e-06,9.95200326573077,9.78413894268913,1,150,149,27.5,1,2
"2284",6.74252983502795e-06,9.95200326573077,9.78413894268913,1,150,149,3.5,0,2
"2285",6.74252983502795e-06,9.95200326573077,9.78413894268913,1,150,149,27.5,1,2
"2286",6.74252983502795e-06,9.95200326573077,9.78413894268913,1,150,149,4.5,0,2
"2287",6.74252983502795e-06,9.95200326573077,9.78413894268913,1,150,149,5.5,0,2
"2288",6.74252983502795e-06,9.95200326573077,9.78413894268913,1,150,149,26.5,1,2
"2289",6.74252983502795e-06,9.95200326573077,9.78413894268913,1,150,149,6.5,0,2
"2290",6.74252983502795e-06,9.95200326573077,9.78413894268913,1,150,149,25.5,1,2
"2291",6.74252983502795e-06,9.95200326573077,9.78413894268913,1,150,149,7.5,1,2
"2292",6.74252983502795e-06,9.95200326573077,9.78413894268913,1,150,149,25.5,1,2
"2293",6.74252983502795e-06,9.95200326573077,9.78413894268913,1,150,149,3.5,0,2
"2294",6.74252983502795e-06,9.95200326573077,9.78413894268913,1,150,149,24.5,1,2
"2295",6.74252983502795e-06,9.95200326573077,9.78413894268913,1,150,149,4.5,0,2
"2296",6.74252983502795e-06,9.95200326573077,9.78413894268913,1,150,149,23.5,1,2
"2297",6.74252983502795e-06,9.95200326573077,9.78413894268913,1,150,149,23.5,1,2
"2298",6.74252983502795e-06,9.95200326573077,9.78413894268913,1,150,149,5.5,0,2
"2299",6.74252983502795e-06,9.95200326573077,9.78413894268913,1,150,149,22.5,0,2
"2300",6.74252983502795e-06,9.95200326573077,9.78413894268913,1,150,149,5.5,0,2
"2301",6.74252983502795e-06,9.95200326573077,9.78413894268913,1,150,149,5.5,0,2
"2302",6.74252983502795e-06,9.95200326573077,9.78413894268913,1,150,149,25.5,1,2
"2303",6.74252983502795e-06,9.95200326573077,9.78413894268913,1,150,149,6.5,0,2
"2304",6.74252983502795e-06,9.95200326573077,9.78413894268913,1,150,149,6.5,1,2
"2305",6.74252983502795e-06,9.95200326573077,9.78413894268913,1,150,149,25.5,1,2
"2306",6.74252983502795e-06,9.95200326573077,9.78413894268913,1,150,149,24.5,1,2
"2307",6.74252983502795e-06,9.95200326573077,9.78413894268913,1,150,149,4.5,0,2
"2308",6.74252983502795e-06,9.95200326573077,9.78413894268913,1,150,149,24.5,1,2
"2309",6.74252983502795e-06,9.95200326573077,9.78413894268913,1,150,149,5.5,1,2
"2310",6.74252983502795e-06,9.95200326573077,9.78413894268913,1,150,149,24.5,1,2
"2311",6.74252983502795e-06,9.95200326573077,9.78413894268913,1,150,149,3.5,0,2
"2312",6.74252983502795e-06,9.95200326573077,9.78413894268913,1,150,149,23.5,0,2
"2313",6.74252983502795e-06,9.95200326573077,9.78413894268913,1,150,149,3.5,0,2
"2314",6.74252983502795e-06,9.95200326573077,9.78413894268913,1,150,149,25.5,1,2
"2315",6.74252983502795e-06,9.95200326573077,9.78413894268913,1,150,149,3.5,0,2
"2316",6.74252983502795e-06,9.95200326573077,9.78413894268913,1,150,149,25.5,1,2
"2317",6.74252983502795e-06,9.95200326573077,9.78413894268913,1,150,149,4.5,0,2
"2318",6.74252983502795e-06,9.95200326573077,9.78413894268913,1,150,149,24.5,1,2
"2319",6.74252983502795e-06,9.95200326573077,9.78413894268913,1,150,149,4.5,0,2
"2320",6.74252983502795e-06,9.95200326573077,9.78413894268913,1,150,149,24.5,1,2
"2321",6.74252983502795e-06,9.95200326573077,9.78413894268913,1,150,149,4.5,1,2
"2322",6.74252983502795e-06,9.95200326573077,9.78413894268913,1,150,149,24.5,1,2
"2323",6.74252983502795e-06,9.95200326573077,9.78413894268913,1,150,149,3.5,1,2
"2324",6.74252983502795e-06,9.95200326573077,9.78413894268913,1,150,149,1.5,0,2
"2325",6.74252983502795e-06,9.95200326573077,9.78413894268913,1,150,149,24.5,1,2
"2326",6.74252983502795e-06,9.95200326573077,9.78413894268913,1,150,149,1.5,0,2
"2327",6.74252983502795e-06,9.95200326573077,9.78413894268913,1,150,149,24.5,1,2
"2328",6.74252983502795e-06,9.95200326573077,9.78413894268913,1,150,149,2.5,0,2
"2329",6.74252983502795e-06,9.95200326573077,9.78413894268913,1,150,149,23.5,1,2
"2330",6.74252983502795e-06,9.95200326573077,9.78413894268913,1,150,149,23.5,1,2
"2331",6.74252983502795e-06,9.95200326573077,9.78413894268913,1,150,149,2.5,0,2
"2332",6.74252983502795e-06,9.95200326573077,9.78413894268913,1,150,149,23.5,1,2
"2333",6.74252983502795e-06,9.95200326573077,9.78413894268913,1,150,149,3.5,0,2
"2334",6.74252983502795e-06,9.95200326573077,9.78413894268913,1,150,149,22.5,1,2
"2335",6.74252983502795e-06,9.95200326573077,9.78413894268913,1,150,149,22.5,1,2
"2336",6.74252983502795e-06,9.95200326573077,9.78413894268913,1,150,149,3.5,0,2
"2337",6.74252983502795e-06,9.95200326573077,9.78413894268913,1,150,149,22.5,1,2
"2338",6.74252983502795e-06,9.95200326573077,9.78413894268913,1,150,149,21.5,1,2
"2339",6.74252983502795e-06,9.95200326573077,9.78413894268913,1,150,149,3.5,0,2
"2340",6.74252983502795e-06,9.95200326573077,9.78413894268913,1,150,149,21.5,1,2
"2341",6.74252983502795e-06,9.95200326573077,9.78413894268913,1,150,149,21.5,0,2
"2342",6.74252983502795e-06,9.95200326573077,9.78413894268913,1,150,149,3.5,0,2
"2343",6.74252983502795e-06,9.95200326573077,9.78413894268913,1,150,149,4.5,0,2
"2344",6.74252983502795e-06,9.95200326573077,9.78413894268913,1,150,149,4.5,0,2
"2345",6.74252983502795e-06,9.95200326573077,9.78413894268913,1,150,149,22.5,1,2
"2346",6.74252983502795e-06,9.95200326573077,9.78413894268913,1,150,149,4.5,0,2
"2347",6.74252983502795e-06,9.95200326573077,9.78413894268913,1,150,149,22.5,1,2
"2348",6.74252983502795e-06,9.95200326573077,9.78413894268913,1,150,149,4.5,0,2
"2349",6.74252983502795e-06,9.95200326573077,9.78413894268913,1,150,149,22.5,1,2
"2350",6.74252983502795e-06,9.95200326573077,9.78413894268913,1,150,149,21.5,1,2
"2351",6.74252983502795e-06,9.95200326573077,9.78413894268913,1,150,149,5.5,1,2
"2352",6.74252983502795e-06,9.95200326573077,9.78413894268913,1,150,149,21.5,1,2
"2353",6.74252983502795e-06,9.95200326573077,9.78413894268913,1,150,149,4.5,0,2
"2354",6.74252983502795e-06,9.95200326573077,9.78413894268913,1,150,149,21.5,1,2
"2355",6.74252983502795e-06,9.95200326573077,9.78413894268913,1,150,149,21.5,1,2
"2356",6.74252983502795e-06,9.95200326573077,9.78413894268913,1,150,149,4.5,0,2
"2357",6.74252983502795e-06,9.95200326573077,9.78413894268913,1,150,149,21.5,1,2
"2358",6.74252983502795e-06,9.95200326573077,9.78413894268913,1,150,149,4.5,0,2
"2359",6.74252983502795e-06,9.95200326573077,9.78413894268913,1,150,149,21.5,1,2
"2360",6.74252983502795e-06,9.95200326573077,9.78413894268913,1,150,149,20.5,1,2
"2361",6.74252983502795e-06,9.95200326573077,9.78413894268913,1,150,149,20.5,1,2
"2362",6.74252983502795e-06,9.95200326573077,9.78413894268913,1,150,149,4.5,1,2
"2363",6.74252983502795e-06,9.95200326573077,9.78413894268913,1,150,149,20.5,1,2
"2364",6.74252983502795e-06,9.95200326573077,9.78413894268913,1,150,149,3.5,1,2
"2365",6.74252983502795e-06,9.95200326573077,9.78413894268913,1,150,149,2.5,0,2
"2366",6.74252983502795e-06,9.95200326573077,9.78413894268913,1,150,149,20.5,1,2
"2367",6.74252983502795e-06,9.95200326573077,9.78413894268913,1,150,149,20.5,1,2
"2368",6.74252983502795e-06,9.95200326573077,9.78413894268913,1,150,149,3.5,1,2
"2369",6.74252983502795e-06,9.95200326573077,9.78413894268913,1,150,149,2.5,0,2
"2370",6.74252983502795e-06,9.95200326573077,9.78413894268913,1,150,149,20.5,1,2
"2371",6.74252983502795e-06,9.95200326573077,9.78413894268913,1,150,149,20.5,0,2
"2372",6.74252983502795e-06,9.95200326573077,9.78413894268913,1,150,149,2.5,0,2
"2373",6.74252983502795e-06,9.95200326573077,9.78413894268913,1,150,149,2.5,0,2
"2374",6.74252983502795e-06,9.95200326573077,9.78413894268913,1,150,149,2.5,0,2
"2375",6.74252983502795e-06,9.95200326573077,9.78413894268913,1,150,149,21.5,1,2
"2376",6.74252983502795e-06,9.95200326573077,9.78413894268913,1,150,149,2.5,1,2
"2377",6.74252983502795e-06,9.95200326573077,9.78413894268913,1,150,149,1.5,0,2
"2378",6.74252983502795e-06,9.95200326573077,9.78413894268913,1,150,149,21.5,0,2
"2379",6.74252983502795e-06,9.95200326573077,9.78413894268913,1,150,149,1.5,1,2
"2380",6.74252983502795e-06,9.95200326573077,9.78413894268913,1,150,149,0.5,0,2
"2381",6.74252983502795e-06,9.95200326573077,9.78413894268913,1,150,149,0.5,1,2
"2382",6.74252983502795e-06,9.95200326573077,9.78413894268913,1,150,149,0.5,0,2
"2383",6.74252983502795e-06,9.95200326573077,9.78413894268913,1,150,149,0.5,0,2
"2384",6.74252983502795e-06,9.95200326573077,9.78413894268913,1,150,149,0.5,0,2
"2385",6.74252983502795e-06,9.95200326573077,9.78413894268913,1,150,149,22.5,1,2
"2386",6.74252983502795e-06,9.95200326573077,9.78413894268913,1,150,149,22.5,1,2
"2387",6.74252983502795e-06,9.95200326573077,9.78413894268913,1,150,149,0.5,0,2
"2388",6.74252983502795e-06,9.95200326573077,9.78413894268913,1,150,149,22.5,1,2
"2389",6.74252983502795e-06,9.95200326573077,9.78413894268913,1,150,149,22.5,1,2
"2390",6.74252983502795e-06,9.95200326573077,9.78413894268913,1,150,149,0.5,1,2
"2391",6.74252983502795e-06,9.95200326573077,9.78413894268913,1,150,149,-0.5,1,2
"2392",6.74252983502795e-06,9.95200326573077,9.78413894268913,1,150,149,-0.5,0,2
"2393",6.74252983502795e-06,9.95200326573077,9.78413894268913,1,150,149,-0.5,0,2
"2394",6.74252983502795e-06,9.95200326573077,9.78413894268913,1,150,149,-0.5,0,2
"2395",6.74252983502795e-06,9.95200326573077,9.78413894268913,1,150,149,22.5,1,2
"2396",6.74252983502795e-06,9.95200326573077,9.78413894268913,1,150,149,22.5,1,2
"2397",6.74252983502795e-06,9.95200326573077,9.78413894268913,1,150,149,-0.5,0,2
"2398",6.74252983502795e-06,9.95200326573077,9.78413894268913,1,150,149,22.5,1,2
"2399",6.74252983502795e-06,9.95200326573077,9.78413894268913,1,150,149,22.5,1,2
"2400",6.74252983502795e-06,9.95200326573077,9.78413894268913,1,150,149,-0.5,0,2
"2401",0.00121981184202745,17.1458453459152,7.62837362060121,2,150,149,-0.5,0,2
"2402",0.00121981184202745,17.1458453459152,7.62837362060121,2,150,149,22.5,1,2
"2403",0.00121981184202745,17.1458453459152,7.62837362060121,2,150,149,10.5,0,2
"2404",0.00121981184202745,17.1458453459152,7.62837362060121,2,150,149,18.5,1,2
"2405",0.00121981184202745,17.1458453459152,7.62837362060121,2,150,149,13.5,0,2
"2406",0.00121981184202745,17.1458453459152,7.62837362060121,2,150,149,20.5,1,2
"2407",0.00121981184202745,17.1458453459152,7.62837362060121,2,150,149,12.5,0,2
"2408",0.00121981184202745,17.1458453459152,7.62837362060121,2,150,149,16.5,1,2
"2409",0.00121981184202745,17.1458453459152,7.62837362060121,2,150,149,11.5,0,2
"2410",0.00121981184202745,17.1458453459152,7.62837362060121,2,150,149,17.5,1,2
"2411",0.00121981184202745,17.1458453459152,7.62837362060121,2,150,149,14.5,0,2
"2412",0.00121981184202745,17.1458453459152,7.62837362060121,2,150,149,17.5,1,2
"2413",0.00121981184202745,17.1458453459152,7.62837362060121,2,150,149,15.5,1,2
"2414",0.00121981184202745,17.1458453459152,7.62837362060121,2,150,149,13.5,1,2
"2415",0.00121981184202745,17.1458453459152,7.62837362060121,2,150,149,9.5,1,2
"2416",0.00121981184202745,17.1458453459152,7.62837362060121,2,150,149,3.5,0,2
"2417",0.00121981184202745,17.1458453459152,7.62837362060121,2,150,149,4.5,1,2
"2418",0.00121981184202745,17.1458453459152,7.62837362060121,2,150,149,-1.5,0,2
"2419",0.00121981184202745,17.1458453459152,7.62837362060121,2,150,149,-0.5,0,2
"2420",0.00121981184202745,17.1458453459152,7.62837362060121,2,150,149,-0.5,0,2
"2421",0.00121981184202745,17.1458453459152,7.62837362060121,2,150,149,0.5,0,2
"2422",0.00121981184202745,17.1458453459152,7.62837362060121,2,150,149,22.5,1,2
"2423",0.00121981184202745,17.1458453459152,7.62837362060121,2,150,149,1.5,0,2
"2424",0.00121981184202745,17.1458453459152,7.62837362060121,2,150,149,21.5,1,2
"2425",0.00121981184202745,17.1458453459152,7.62837362060121,2,150,149,2.5,0,2
"2426",0.00121981184202745,17.1458453459152,7.62837362060121,2,150,149,2.5,0,2
"2427",0.00121981184202745,17.1458453459152,7.62837362060121,2,150,149,20.5,1,2
"2428",0.00121981184202745,17.1458453459152,7.62837362060121,2,150,149,4.5,0,2
"2429",0.00121981184202745,17.1458453459152,7.62837362060121,2,150,149,19.5,1,2
"2430",0.00121981184202745,17.1458453459152,7.62837362060121,2,150,149,5.5,0,2
"2431",0.00121981184202745,17.1458453459152,7.62837362060121,2,150,149,6.5,0,2
"2432",0.00121981184202745,17.1458453459152,7.62837362060121,2,150,149,7.5,0,2
"2433",0.00121981184202745,17.1458453459152,7.62837362060121,2,150,149,18.5,1,2
"2434",0.00121981184202745,17.1458453459152,7.62837362060121,2,150,149,8.5,0,2
"2435",0.00121981184202745,17.1458453459152,7.62837362060121,2,150,149,9.5,0,2
"2436",0.00121981184202745,17.1458453459152,7.62837362060121,2,150,149,9.5,0,2
"2437",0.00121981184202745,17.1458453459152,7.62837362060121,2,150,149,10.5,0,2
"2438",0.00121981184202745,17.1458453459152,7.62837362060121,2,150,149,10.5,0,2
"2439",0.00121981184202745,17.1458453459152,7.62837362060121,2,150,149,10.5,0,2
"2440",0.00121981184202745,17.1458453459152,7.62837362060121,2,150,149,11.5,0,2
"2441",0.00121981184202745,17.1458453459152,7.62837362060121,2,150,149,11.5,0,2
"2442",0.00121981184202745,17.1458453459152,7.62837362060121,2,150,149,11.5,0,2
"2443",0.00121981184202745,17.1458453459152,7.62837362060121,2,150,149,16.5,0,2
"2444",0.00121981184202745,17.1458453459152,7.62837362060121,2,150,149,19.5,0,2
"2445",0.00121981184202745,17.1458453459152,7.62837362060121,2,150,149,21.5,1,2
"2446",0.00121981184202745,17.1458453459152,7.62837362060121,2,150,149,21.5,1,2
"2447",0.00121981184202745,17.1458453459152,7.62837362060121,2,150,149,21.5,1,2
"2448",0.00121981184202745,17.1458453459152,7.62837362060121,2,150,149,20.5,0,2
"2449",0.00121981184202745,17.1458453459152,7.62837362060121,2,150,149,23.5,0,2
"2450",0.00121981184202745,17.1458453459152,7.62837362060121,2,150,149,25.5,1,2
"2451",0.00121981184202745,17.1458453459152,7.62837362060121,2,150,149,25.5,1,2
"2452",0.00121981184202745,17.1458453459152,7.62837362060121,2,150,149,25.5,1,2
"2453",0.00121981184202745,17.1458453459152,7.62837362060121,2,150,149,24.5,1,2
"2454",0.00121981184202745,17.1458453459152,7.62837362060121,2,150,149,24.5,0,2
"2455",0.00121981184202745,17.1458453459152,7.62837362060121,2,150,149,26.5,1,2
"2456",0.00121981184202745,17.1458453459152,7.62837362060121,2,150,149,26.5,1,2
"2457",0.00121981184202745,17.1458453459152,7.62837362060121,2,150,149,26.5,1,2
"2458",0.00121981184202745,17.1458453459152,7.62837362060121,2,150,149,25.5,1,2
"2459",0.00121981184202745,17.1458453459152,7.62837362060121,2,150,149,25.5,1,2
"2460",0.00121981184202745,17.1458453459152,7.62837362060121,2,150,149,7.5,0,2
"2461",0.00121981184202745,17.1458453459152,7.62837362060121,2,150,149,24.5,1,2
"2462",0.00121981184202745,17.1458453459152,7.62837362060121,2,150,149,8.5,0,2
"2463",0.00121981184202745,17.1458453459152,7.62837362060121,2,150,149,8.5,0,2
"2464",0.00121981184202745,17.1458453459152,7.62837362060121,2,150,149,24.5,1,2
"2465",0.00121981184202745,17.1458453459152,7.62837362060121,2,150,149,8.5,0,2
"2466",0.00121981184202745,17.1458453459152,7.62837362060121,2,150,149,9.5,1,2
"2467",0.00121981184202745,17.1458453459152,7.62837362060121,2,150,149,24.5,1,2
"2468",0.00121981184202745,17.1458453459152,7.62837362060121,2,150,149,24.5,1,2
"2469",0.00121981184202745,17.1458453459152,7.62837362060121,2,150,149,7.5,0,2
"2470",0.00121981184202745,17.1458453459152,7.62837362060121,2,150,149,23.5,1,2
"2471",0.00121981184202745,17.1458453459152,7.62837362060121,2,150,149,8.5,0,2
"2472",0.00121981184202745,17.1458453459152,7.62837362060121,2,150,149,8.5,0,2
"2473",0.00121981184202745,17.1458453459152,7.62837362060121,2,150,149,23.5,1,2
"2474",0.00121981184202745,17.1458453459152,7.62837362060121,2,150,149,8.5,0,2
"2475",0.00121981184202745,17.1458453459152,7.62837362060121,2,150,149,23.5,1,2
"2476",0.00121981184202745,17.1458453459152,7.62837362060121,2,150,149,8.5,0,2
"2477",0.00121981184202745,17.1458453459152,7.62837362060121,2,150,149,9.5,1,2
"2478",0.00121981184202745,17.1458453459152,7.62837362060121,2,150,149,23.5,1,2
"2479",0.00121981184202745,17.1458453459152,7.62837362060121,2,150,149,22.5,1,2
"2480",0.00121981184202745,17.1458453459152,7.62837362060121,2,150,149,8.5,0,2
"2481",0.00121981184202745,17.1458453459152,7.62837362060121,2,150,149,22.5,1,2
"2482",0.00121981184202745,17.1458453459152,7.62837362060121,2,150,149,8.5,0,2
"2483",0.00121981184202745,17.1458453459152,7.62837362060121,2,150,149,22.5,0,2
"2484",0.00121981184202745,17.1458453459152,7.62837362060121,2,150,149,8.5,0,2
"2485",0.00121981184202745,17.1458453459152,7.62837362060121,2,150,149,23.5,1,2
"2486",0.00121981184202745,17.1458453459152,7.62837362060121,2,150,149,8.5,0,2
"2487",0.00121981184202745,17.1458453459152,7.62837362060121,2,150,149,23.5,1,2
"2488",0.00121981184202745,17.1458453459152,7.62837362060121,2,150,149,8.5,0,2
"2489",0.00121981184202745,17.1458453459152,7.62837362060121,2,150,149,22.5,1,2
"2490",0.00121981184202745,17.1458453459152,7.62837362060121,2,150,149,8.5,0,2
"2491",0.00121981184202745,17.1458453459152,7.62837362060121,2,150,149,9.5,0,2
"2492",0.00121981184202745,17.1458453459152,7.62837362060121,2,150,149,22.5,1,2
"2493",0.00121981184202745,17.1458453459152,7.62837362060121,2,150,149,9.5,0,2
"2494",0.00121981184202745,17.1458453459152,7.62837362060121,2,150,149,22.5,1,2
"2495",0.00121981184202745,17.1458453459152,7.62837362060121,2,150,149,9.5,0,2
"2496",0.00121981184202745,17.1458453459152,7.62837362060121,2,150,149,9.5,0,2
"2497",0.00121981184202745,17.1458453459152,7.62837362060121,2,150,149,22.5,1,2
"2498",0.00121981184202745,17.1458453459152,7.62837362060121,2,150,149,9.5,0,2
"2499",0.00121981184202745,17.1458453459152,7.62837362060121,2,150,149,22.5,1,2
"2500",0.00121981184202745,17.1458453459152,7.62837362060121,2,150,149,9.5,0,2
"2501",0.00121981184202745,17.1458453459152,7.62837362060121,2,150,149,21.5,1,2
"2502",0.00121981184202745,17.1458453459152,7.62837362060121,2,150,149,10.5,0,2
"2503",0.00121981184202745,17.1458453459152,7.62837362060121,2,150,149,10.5,1,2
"2504",0.00121981184202745,17.1458453459152,7.62837362060121,2,150,149,21.5,1,2
"2505",0.00121981184202745,17.1458453459152,7.62837362060121,2,150,149,21.5,1,2
"2506",0.00121981184202745,17.1458453459152,7.62837362060121,2,150,149,21.5,1,2
"2507",0.00121981184202745,17.1458453459152,7.62837362060121,2,150,149,9.5,0,2
"2508",0.00121981184202745,17.1458453459152,7.62837362060121,2,150,149,21.5,1,2
"2509",0.00121981184202745,17.1458453459152,7.62837362060121,2,150,149,9.5,0,2
"2510",0.00121981184202745,17.1458453459152,7.62837362060121,2,150,149,21.5,1,2
"2511",0.00121981184202745,17.1458453459152,7.62837362060121,2,150,149,9.5,0,2
"2512",0.00121981184202745,17.1458453459152,7.62837362060121,2,150,149,21.5,0,2
"2513",0.00121981184202745,17.1458453459152,7.62837362060121,2,150,149,9.5,1,2
"2514",0.00121981184202745,17.1458453459152,7.62837362060121,2,150,149,21.5,0,2
"2515",0.00121981184202745,17.1458453459152,7.62837362060121,2,150,149,9.5,0,2
"2516",0.00121981184202745,17.1458453459152,7.62837362060121,2,150,149,22.5,1,2
"2517",0.00121981184202745,17.1458453459152,7.62837362060121,2,150,149,9.5,0,2
"2518",0.00121981184202745,17.1458453459152,7.62837362060121,2,150,149,22.5,1,2
"2519",0.00121981184202745,17.1458453459152,7.62837362060121,2,150,149,9.5,0,2
"2520",0.00121981184202745,17.1458453459152,7.62837362060121,2,150,149,9.5,0,2
"2521",0.00121981184202745,17.1458453459152,7.62837362060121,2,150,149,22.5,0,2
"2522",0.00121981184202745,17.1458453459152,7.62837362060121,2,150,149,9.5,0,2
"2523",0.00121981184202745,17.1458453459152,7.62837362060121,2,150,149,22.5,1,2
"2524",0.00121981184202745,17.1458453459152,7.62837362060121,2,150,149,9.5,0,2
"2525",0.00121981184202745,17.1458453459152,7.62837362060121,2,150,149,22.5,0,2
"2526",0.00121981184202745,17.1458453459152,7.62837362060121,2,150,149,23.5,1,2
"2527",0.00121981184202745,17.1458453459152,7.62837362060121,2,150,149,9.5,1,2
"2528",0.00121981184202745,17.1458453459152,7.62837362060121,2,150,149,23.5,1,2
"2529",0.00121981184202745,17.1458453459152,7.62837362060121,2,150,149,23.5,1,2
"2530",0.00121981184202745,17.1458453459152,7.62837362060121,2,150,149,8.5,0,2
"2531",0.00121981184202745,17.1458453459152,7.62837362060121,2,150,149,23.5,1,2
"2532",0.00121981184202745,17.1458453459152,7.62837362060121,2,150,149,9.5,1,2
"2533",0.00121981184202745,17.1458453459152,7.62837362060121,2,150,149,23.5,1,2
"2534",0.00121981184202745,17.1458453459152,7.62837362060121,2,150,149,8.5,0,2
"2535",0.00121981184202745,17.1458453459152,7.62837362060121,2,150,149,23.5,1,2
"2536",0.00121981184202745,17.1458453459152,7.62837362060121,2,150,149,8.5,0,2
"2537",0.00121981184202745,17.1458453459152,7.62837362060121,2,150,149,8.5,0,2
"2538",0.00121981184202745,17.1458453459152,7.62837362060121,2,150,149,22.5,1,2
"2539",0.00121981184202745,17.1458453459152,7.62837362060121,2,150,149,8.5,0,2
"2540",0.00121981184202745,17.1458453459152,7.62837362060121,2,150,149,22.5,0,2
"2541",0.00121981184202745,17.1458453459152,7.62837362060121,2,150,149,23.5,1,2
"2542",0.00121981184202745,17.1458453459152,7.62837362060121,2,150,149,8.5,0,2
"2543",0.00121981184202745,17.1458453459152,7.62837362060121,2,150,149,23.5,1,2
"2544",0.00121981184202745,17.1458453459152,7.62837362060121,2,150,149,9.5,0,2
"2545",0.00121981184202745,17.1458453459152,7.62837362060121,2,150,149,9.5,0,2
"2546",0.00121981184202745,17.1458453459152,7.62837362060121,2,150,149,23.5,1,2
"2547",0.00121981184202745,17.1458453459152,7.62837362060121,2,150,149,9.5,0,2
"2548",0.00121981184202745,17.1458453459152,7.62837362060121,2,150,149,22.5,0,2
"2549",0.00121981184202745,17.1458453459152,7.62837362060121,2,150,149,23.5,0,2
"2550",0.00121981184202745,17.1458453459152,7.62837362060121,2,150,149,24.5,1,2
"2551",0.00258591102913492,6.8065592800236,9.26468309647299,3,150,149,-0.5,0,2
"2552",0.00258591102913492,6.8065592800236,9.26468309647299,3,150,149,22.5,1,2
"2553",0.00258591102913492,6.8065592800236,9.26468309647299,3,150,149,10.5,1,2
"2554",0.00258591102913492,6.8065592800236,9.26468309647299,3,150,149,-1.5,0,2
"2555",0.00258591102913492,6.8065592800236,9.26468309647299,3,150,149,6.5,0,2
"2556",0.00258591102913492,6.8065592800236,9.26468309647299,3,150,149,13.5,0,2
"2557",0.00258591102913492,6.8065592800236,9.26468309647299,3,150,149,22.5,1,2
"2558",0.00258591102913492,6.8065592800236,9.26468309647299,3,150,149,19.5,1,2
"2559",0.00258591102913492,6.8065592800236,9.26468309647299,3,150,149,4.5,1,2
"2560",0.00258591102913492,6.8065592800236,9.26468309647299,3,150,149,-1.5,1,2
"2561",0.00258591102913492,6.8065592800236,9.26468309647299,3,150,149,-6.5,0,2
"2562",0.00258591102913492,6.8065592800236,9.26468309647299,3,150,149,-5.5,0,2
"2563",0.00258591102913492,6.8065592800236,9.26468309647299,3,150,149,17.5,1,2
"2564",0.00258591102913492,6.8065592800236,9.26468309647299,3,150,149,-6.5,0,2
"2565",0.00258591102913492,6.8065592800236,9.26468309647299,3,150,149,17.5,1,2
"2566",0.00258591102913492,6.8065592800236,9.26468309647299,3,150,149,-5.5,0,2
"2567",0.00258591102913492,6.8065592800236,9.26468309647299,3,150,149,17.5,1,2
"2568",0.00258591102913492,6.8065592800236,9.26468309647299,3,150,149,-5.5,1,2
"2569",0.00258591102913492,6.8065592800236,9.26468309647299,3,150,149,-9.5,0,2
"2570",0.00258591102913492,6.8065592800236,9.26468309647299,3,150,149,-9.5,0,2
"2571",0.00258591102913492,6.8065592800236,9.26468309647299,3,150,149,16.5,1,2
"2572",0.00258591102913492,6.8065592800236,9.26468309647299,3,150,149,-8.5,0,2
"2573",0.00258591102913492,6.8065592800236,9.26468309647299,3,150,149,16.5,1,2
"2574",0.00258591102913492,6.8065592800236,9.26468309647299,3,150,149,15.5,1,2
"2575",0.00258591102913492,6.8065592800236,9.26468309647299,3,150,149,-8.5,0,2
"2576",0.00258591102913492,6.8065592800236,9.26468309647299,3,150,149,15.5,1,2
"2577",0.00258591102913492,6.8065592800236,9.26468309647299,3,150,149,-7.5,0,2
"2578",0.00258591102913492,6.8065592800236,9.26468309647299,3,150,149,14.5,0,2
"2579",0.00258591102913492,6.8065592800236,9.26468309647299,3,150,149,-7.5,0,2
"2580",0.00258591102913492,6.8065592800236,9.26468309647299,3,150,149,18.5,1,2
"2581",0.00258591102913492,6.8065592800236,9.26468309647299,3,150,149,-6.5,0,2
"2582",0.00258591102913492,6.8065592800236,9.26468309647299,3,150,149,17.5,1,2
"2583",0.00258591102913492,6.8065592800236,9.26468309647299,3,150,149,-6.5,0,2
"2584",0.00258591102913492,6.8065592800236,9.26468309647299,3,150,149,17.5,1,2
"2585",0.00258591102913492,6.8065592800236,9.26468309647299,3,150,149,-5.5,0,2
"2586",0.00258591102913492,6.8065592800236,9.26468309647299,3,150,149,16.5,1,2
"2587",0.00258591102913492,6.8065592800236,9.26468309647299,3,150,149,-4.5,0,2
"2588",0.00258591102913492,6.8065592800236,9.26468309647299,3,150,149,15.5,1,2
"2589",0.00258591102913492,6.8065592800236,9.26468309647299,3,150,149,-3.5,0,2
"2590",0.00258591102913492,6.8065592800236,9.26468309647299,3,150,149,14.5,1,2
"2591",0.00258591102913492,6.8065592800236,9.26468309647299,3,150,149,-2.5,1,2
"2592",0.00258591102913492,6.8065592800236,9.26468309647299,3,150,149,14.5,1,2
"2593",0.00258591102913492,6.8065592800236,9.26468309647299,3,150,149,13.5,1,2
"2594",0.00258591102913492,6.8065592800236,9.26468309647299,3,150,149,-5.5,0,2
"2595",0.00258591102913492,6.8065592800236,9.26468309647299,3,150,149,13.5,1,2
"2596",0.00258591102913492,6.8065592800236,9.26468309647299,3,150,149,-5.5,0,2
"2597",0.00258591102913492,6.8065592800236,9.26468309647299,3,150,149,12.5,1,2
"2598",0.00258591102913492,6.8065592800236,9.26468309647299,3,150,149,11.5,1,2
"2599",0.00258591102913492,6.8065592800236,9.26468309647299,3,150,149,-4.5,0,2
"2600",0.00258591102913492,6.8065592800236,9.26468309647299,3,150,149,11.5,1,2
"2601",0.00258591102913492,6.8065592800236,9.26468309647299,3,150,149,10.5,0,2
"2602",0.00258591102913492,6.8065592800236,9.26468309647299,3,150,149,-4.5,0,2
"2603",0.00258591102913492,6.8065592800236,9.26468309647299,3,150,149,-3.5,0,2
"2604",0.00258591102913492,6.8065592800236,9.26468309647299,3,150,149,-3.5,0,2
"2605",0.00258591102913492,6.8065592800236,9.26468309647299,3,150,149,13.5,1,2
"2606",0.00258591102913492,6.8065592800236,9.26468309647299,3,150,149,-2.5,0,2
"2607",0.00258591102913492,6.8065592800236,9.26468309647299,3,150,149,12.5,1,2
"2608",0.00258591102913492,6.8065592800236,9.26468309647299,3,150,149,-2.5,1,2
"2609",0.00258591102913492,6.8065592800236,9.26468309647299,3,150,149,12.5,1,2
"2610",0.00258591102913492,6.8065592800236,9.26468309647299,3,150,149,12.5,1,2
"2611",0.00258591102913492,6.8065592800236,9.26468309647299,3,150,149,-4.5,0,2
"2612",0.00258591102913492,6.8065592800236,9.26468309647299,3,150,149,11.5,1,2
"2613",0.00258591102913492,6.8065592800236,9.26468309647299,3,150,149,11.5,1,2
"2614",0.00258591102913492,6.8065592800236,9.26468309647299,3,150,149,-4.5,1,2
"2615",0.00258591102913492,6.8065592800236,9.26468309647299,3,150,149,-5.5,0,2
"2616",0.00258591102913492,6.8065592800236,9.26468309647299,3,150,149,11.5,1,2
"2617",0.00258591102913492,6.8065592800236,9.26468309647299,3,150,149,11.5,1,2
"2618",0.00258591102913492,6.8065592800236,9.26468309647299,3,150,149,-5.5,0,2
"2619",0.00258591102913492,6.8065592800236,9.26468309647299,3,150,149,10.5,1,2
"2620",0.00258591102913492,6.8065592800236,9.26468309647299,3,150,149,10.5,1,2
"2621",0.00258591102913492,6.8065592800236,9.26468309647299,3,150,149,10.5,0,2
"2622",0.00258591102913492,6.8065592800236,9.26468309647299,3,150,149,-5.5,1,2
"2623",0.00258591102913492,6.8065592800236,9.26468309647299,3,150,149,-6.5,0,2
"2624",0.00258591102913492,6.8065592800236,9.26468309647299,3,150,149,-6.5,0,2
"2625",0.00258591102913492,6.8065592800236,9.26468309647299,3,150,149,-6.5,0,2
"2626",0.00258591102913492,6.8065592800236,9.26468309647299,3,150,149,12.5,1,2
"2627",0.00258591102913492,6.8065592800236,9.26468309647299,3,150,149,-6.5,0,2
"2628",0.00258591102913492,6.8065592800236,9.26468309647299,3,150,149,11.5,1,2
"2629",0.00258591102913492,6.8065592800236,9.26468309647299,3,150,149,11.5,1,2
"2630",0.00258591102913492,6.8065592800236,9.26468309647299,3,150,149,-5.5,0,2
"2631",0.00258591102913492,6.8065592800236,9.26468309647299,3,150,149,11.5,1,2
"2632",0.00258591102913492,6.8065592800236,9.26468309647299,3,150,149,-5.5,0,2
"2633",0.00258591102913492,6.8065592800236,9.26468309647299,3,150,149,11.5,1,2
"2634",0.00258591102913492,6.8065592800236,9.26468309647299,3,150,149,10.5,0,2
"2635",0.00258591102913492,6.8065592800236,9.26468309647299,3,150,149,-5.5,1,2
"2636",0.00258591102913492,6.8065592800236,9.26468309647299,3,150,149,-6.5,0,2
"2637",0.00258591102913492,6.8065592800236,9.26468309647299,3,150,149,-6.5,0,2
"2638",0.00258591102913492,6.8065592800236,9.26468309647299,3,150,149,12.5,1,2
"2639",0.00258591102913492,6.8065592800236,9.26468309647299,3,150,149,-6.5,0,2
"2640",0.00258591102913492,6.8065592800236,9.26468309647299,3,150,149,11.5,1,2
"2641",0.00258591102913492,6.8065592800236,9.26468309647299,3,150,149,11.5,1,2
"2642",0.00258591102913492,6.8065592800236,9.26468309647299,3,150,149,-5.5,1,2
"2643",0.00258591102913492,6.8065592800236,9.26468309647299,3,150,149,-6.5,0,2
"2644",0.00258591102913492,6.8065592800236,9.26468309647299,3,150,149,11.5,0,2
"2645",0.00258591102913492,6.8065592800236,9.26468309647299,3,150,149,-6.5,1,2
"2646",0.00258591102913492,6.8065592800236,9.26468309647299,3,150,149,-8.5,0,2
"2647",0.00258591102913492,6.8065592800236,9.26468309647299,3,150,149,-7.5,0,2
"2648",0.00258591102913492,6.8065592800236,9.26468309647299,3,150,149,13.5,1,2
"2649",0.00258591102913492,6.8065592800236,9.26468309647299,3,150,149,-7.5,0,2
"2650",0.00258591102913492,6.8065592800236,9.26468309647299,3,150,149,12.5,1,2
"2651",0.00258591102913492,6.8065592800236,9.26468309647299,3,150,149,12.5,1,2
"2652",0.00258591102913492,6.8065592800236,9.26468309647299,3,150,149,-7.5,0,2
"2653",0.00258591102913492,6.8065592800236,9.26468309647299,3,150,149,12.5,1,2
"2654",0.00258591102913492,6.8065592800236,9.26468309647299,3,150,149,-7.5,0,2
"2655",0.00258591102913492,6.8065592800236,9.26468309647299,3,150,149,12.5,0,2
"2656",0.00258591102913492,6.8065592800236,9.26468309647299,3,150,149,-7.5,0,2
"2657",0.00258591102913492,6.8065592800236,9.26468309647299,3,150,149,13.5,0,2
"2658",0.00258591102913492,6.8065592800236,9.26468309647299,3,150,149,-7.5,0,2
"2659",0.00258591102913492,6.8065592800236,9.26468309647299,3,150,149,14.5,0,2
"2660",0.00258591102913492,6.8065592800236,9.26468309647299,3,150,149,-7.5,0,2
"2661",0.00258591102913492,6.8065592800236,9.26468309647299,3,150,149,15.5,1,2
"2662",0.00258591102913492,6.8065592800236,9.26468309647299,3,150,149,-7.5,0,2
"2663",0.00258591102913492,6.8065592800236,9.26468309647299,3,150,149,14.5,1,2
"2664",0.00258591102913492,6.8065592800236,9.26468309647299,3,150,149,-7.5,0,2
"2665",0.00258591102913492,6.8065592800236,9.26468309647299,3,150,149,14.5,1,2
"2666",0.00258591102913492,6.8065592800236,9.26468309647299,3,150,149,-6.5,0,2
"2667",0.00258591102913492,6.8065592800236,9.26468309647299,3,150,149,14.5,1,2
"2668",0.00258591102913492,6.8065592800236,9.26468309647299,3,150,149,-6.5,1,2
"2669",0.00258591102913492,6.8065592800236,9.26468309647299,3,150,149,14.5,1,2
"2670",0.00258591102913492,6.8065592800236,9.26468309647299,3,150,149,-7.5,0,2
"2671",0.00258591102913492,6.8065592800236,9.26468309647299,3,150,149,14.5,1,2
"2672",0.00258591102913492,6.8065592800236,9.26468309647299,3,150,149,-7.5,0,2
"2673",0.00258591102913492,6.8065592800236,9.26468309647299,3,150,149,14.5,1,2
"2674",0.00258591102913492,6.8065592800236,9.26468309647299,3,150,149,-6.5,0,2
"2675",0.00258591102913492,6.8065592800236,9.26468309647299,3,150,149,13.5,0,2
"2676",0.00258591102913492,6.8065592800236,9.26468309647299,3,150,149,-7.5,0,2
"2677",0.00258591102913492,6.8065592800236,9.26468309647299,3,150,149,14.5,0,2
"2678",0.00258591102913492,6.8065592800236,9.26468309647299,3,150,149,15.5,1,2
"2679",0.00258591102913492,6.8065592800236,9.26468309647299,3,150,149,-7.5,0,2
"2680",0.00258591102913492,6.8065592800236,9.26468309647299,3,150,149,15.5,0,2
"2681",0.00258591102913492,6.8065592800236,9.26468309647299,3,150,149,16.5,1,2
"2682",0.00258591102913492,6.8065592800236,9.26468309647299,3,150,149,-7.5,0,2
"2683",0.00258591102913492,6.8065592800236,9.26468309647299,3,150,149,16.5,1,2
"2684",0.00258591102913492,6.8065592800236,9.26468309647299,3,150,149,-7.5,1,2
"2685",0.00258591102913492,6.8065592800236,9.26468309647299,3,150,149,-8.5,0,2
"2686",0.00258591102913492,6.8065592800236,9.26468309647299,3,150,149,16.5,0,2
"2687",0.00258591102913492,6.8065592800236,9.26468309647299,3,150,149,17.5,1,2
"2688",0.00258591102913492,6.8065592800236,9.26468309647299,3,150,149,-8.5,0,2
"2689",0.00258591102913492,6.8065592800236,9.26468309647299,3,150,149,17.5,0,2
"2690",0.00258591102913492,6.8065592800236,9.26468309647299,3,150,149,18.5,1,2
"2691",0.00258591102913492,6.8065592800236,9.26468309647299,3,150,149,-8.5,0,2
"2692",0.00258591102913492,6.8065592800236,9.26468309647299,3,150,149,17.5,1,2
"2693",0.00258591102913492,6.8065592800236,9.26468309647299,3,150,149,-8.5,0,2
"2694",0.00258591102913492,6.8065592800236,9.26468309647299,3,150,149,17.5,1,2
"2695",0.00258591102913492,6.8065592800236,9.26468309647299,3,150,149,-8.5,0,2
"2696",0.00258591102913492,6.8065592800236,9.26468309647299,3,150,149,17.5,1,2
"2697",0.00258591102913492,6.8065592800236,9.26468309647299,3,150,149,-7.5,0,2
"2698",0.00258591102913492,6.8065592800236,9.26468309647299,3,150,149,17.5,1,2
"2699",0.00258591102913492,6.8065592800236,9.26468309647299,3,150,149,-7.5,0,2
"2700",0.00258591102913492,6.8065592800236,9.26468309647299,3,150,149,17.5,1,2
"2701",0.00104355159976656,22.4376766810738,8.07144528053081,4,150,149,-0.5,0,2
"2702",0.00104355159976656,22.4376766810738,8.07144528053081,4,150,149,22.5,0,2
"2703",0.00104355159976656,22.4376766810738,8.07144528053081,4,150,149,34.5,1,2
"2704",0.00104355159976656,22.4376766810738,8.07144528053081,4,150,149,27.5,1,2
"2705",0.00104355159976656,22.4376766810738,8.07144528053081,4,150,149,19.5,0,2
"2706",0.00104355159976656,22.4376766810738,8.07144528053081,4,150,149,29.5,1,2
"2707",0.00104355159976656,22.4376766810738,8.07144528053081,4,150,149,20.5,0,2
"2708",0.00104355159976656,22.4376766810738,8.07144528053081,4,150,149,25.5,1,2
"2709",0.00104355159976656,22.4376766810738,8.07144528053081,4,150,149,20.5,1,2
"2710",0.00104355159976656,22.4376766810738,8.07144528053081,4,150,149,14.5,0,2
"2711",0.00104355159976656,22.4376766810738,8.07144528053081,4,150,149,15.5,0,2
"2712",0.00104355159976656,22.4376766810738,8.07144528053081,4,150,149,29.5,1,2
"2713",0.00104355159976656,22.4376766810738,8.07144528053081,4,150,149,16.5,0,2
"2714",0.00104355159976656,22.4376766810738,8.07144528053081,4,150,149,28.5,1,2
"2715",0.00104355159976656,22.4376766810738,8.07144528053081,4,150,149,17.5,1,2
"2716",0.00104355159976656,22.4376766810738,8.07144528053081,4,150,149,12.5,0,2
"2717",0.00104355159976656,22.4376766810738,8.07144528053081,4,150,149,13.5,0,2
"2718",0.00104355159976656,22.4376766810738,8.07144528053081,4,150,149,28.5,1,2
"2719",0.00104355159976656,22.4376766810738,8.07144528053081,4,150,149,13.5,0,2
"2720",0.00104355159976656,22.4376766810738,8.07144528053081,4,150,149,27.5,0,2
"2721",0.00104355159976656,22.4376766810738,8.07144528053081,4,150,149,32.5,1,2
"2722",0.00104355159976656,22.4376766810738,8.07144528053081,4,150,149,31.5,1,2
"2723",0.00104355159976656,22.4376766810738,8.07144528053081,4,150,149,13.5,0,2
"2724",0.00104355159976656,22.4376766810738,8.07144528053081,4,150,149,30.5,1,2
"2725",0.00104355159976656,22.4376766810738,8.07144528053081,4,150,149,14.5,0,2
"2726",0.00104355159976656,22.4376766810738,8.07144528053081,4,150,149,29.5,0,2
"2727",0.00104355159976656,22.4376766810738,8.07144528053081,4,150,149,33.5,1,2
"2728",0.00104355159976656,22.4376766810738,8.07144528053081,4,150,149,14.5,0,2
"2729",0.00104355159976656,22.4376766810738,8.07144528053081,4,150,149,32.5,1,2
"2730",0.00104355159976656,22.4376766810738,8.07144528053081,4,150,149,15.5,0,2
"2731",0.00104355159976656,22.4376766810738,8.07144528053081,4,150,149,31.5,1,2
"2732",0.00104355159976656,22.4376766810738,8.07144528053081,4,150,149,16.5,0,2
"2733",0.00104355159976656,22.4376766810738,8.07144528053081,4,150,149,30.5,1,2
"2734",0.00104355159976656,22.4376766810738,8.07144528053081,4,150,149,16.5,0,2
"2735",0.00104355159976656,22.4376766810738,8.07144528053081,4,150,149,30.5,1,2
"2736",0.00104355159976656,22.4376766810738,8.07144528053081,4,150,149,17.5,0,2
"2737",0.00104355159976656,22.4376766810738,8.07144528053081,4,150,149,18.5,0,2
"2738",0.00104355159976656,22.4376766810738,8.07144528053081,4,150,149,29.5,1,2
"2739",0.00104355159976656,22.4376766810738,8.07144528053081,4,150,149,18.5,0,2
"2740",0.00104355159976656,22.4376766810738,8.07144528053081,4,150,149,28.5,1,2
"2741",0.00104355159976656,22.4376766810738,8.07144528053081,4,150,149,19.5,0,2
"2742",0.00104355159976656,22.4376766810738,8.07144528053081,4,150,149,20.5,1,2
"2743",0.00104355159976656,22.4376766810738,8.07144528053081,4,150,149,28.5,1,2
"2744",0.00104355159976656,22.4376766810738,8.07144528053081,4,150,149,27.5,1,2
"2745",0.00104355159976656,22.4376766810738,8.07144528053081,4,150,149,27.5,1,2
"2746",0.00104355159976656,22.4376766810738,8.07144528053081,4,150,149,26.5,1,2
"2747",0.00104355159976656,22.4376766810738,8.07144528053081,4,150,149,17.5,0,2
"2748",0.00104355159976656,22.4376766810738,8.07144528053081,4,150,149,26.5,1,2
"2749",0.00104355159976656,22.4376766810738,8.07144528053081,4,150,149,25.5,0,2
"2750",0.00104355159976656,22.4376766810738,8.07144528053081,4,150,149,18.5,0,2
"2751",0.00104355159976656,22.4376766810738,8.07144528053081,4,150,149,18.5,0,2
"2752",0.00104355159976656,22.4376766810738,8.07144528053081,4,150,149,18.5,0,2
"2753",0.00104355159976656,22.4376766810738,8.07144528053081,4,150,149,27.5,0,2
"2754",0.00104355159976656,22.4376766810738,8.07144528053081,4,150,149,18.5,0,2
"2755",0.00104355159976656,22.4376766810738,8.07144528053081,4,150,149,19.5,1,2
"2756",0.00104355159976656,22.4376766810738,8.07144528053081,4,150,149,29.5,1,2
"2757",0.00104355159976656,22.4376766810738,8.07144528053081,4,150,149,29.5,1,2
"2758",0.00104355159976656,22.4376766810738,8.07144528053081,4,150,149,17.5,0,2
"2759",0.00104355159976656,22.4376766810738,8.07144528053081,4,150,149,28.5,0,2
"2760",0.00104355159976656,22.4376766810738,8.07144528053081,4,150,149,17.5,0,2
"2761",0.00104355159976656,22.4376766810738,8.07144528053081,4,150,149,29.5,1,2
"2762",0.00104355159976656,22.4376766810738,8.07144528053081,4,150,149,18.5,0,2
"2763",0.00104355159976656,22.4376766810738,8.07144528053081,4,150,149,29.5,1,2
"2764",0.00104355159976656,22.4376766810738,8.07144528053081,4,150,149,18.5,0,2
"2765",0.00104355159976656,22.4376766810738,8.07144528053081,4,150,149,18.5,0,2
"2766",0.00104355159976656,22.4376766810738,8.07144528053081,4,150,149,29.5,1,2
"2767",0.00104355159976656,22.4376766810738,8.07144528053081,4,150,149,18.5,0,2
"2768",0.00104355159976656,22.4376766810738,8.07144528053081,4,150,149,28.5,1,2
"2769",0.00104355159976656,22.4376766810738,8.07144528053081,4,150,149,19.5,0,2
"2770",0.00104355159976656,22.4376766810738,8.07144528053081,4,150,149,28.5,1,2
"2771",0.00104355159976656,22.4376766810738,8.07144528053081,4,150,149,19.5,0,2
"2772",0.00104355159976656,22.4376766810738,8.07144528053081,4,150,149,19.5,1,2
"2773",0.00104355159976656,22.4376766810738,8.07144528053081,4,150,149,28.5,0,2
"2774",0.00104355159976656,22.4376766810738,8.07144528053081,4,150,149,29.5,1,2
"2775",0.00104355159976656,22.4376766810738,8.07144528053081,4,150,149,29.5,0,2
"2776",0.00104355159976656,22.4376766810738,8.07144528053081,4,150,149,30.5,1,2
"2777",0.00104355159976656,22.4376766810738,8.07144528053081,4,150,149,18.5,0,2
"2778",0.00104355159976656,22.4376766810738,8.07144528053081,4,150,149,18.5,1,2
"2779",0.00104355159976656,22.4376766810738,8.07144528053081,4,150,149,30.5,0,2
"2780",0.00104355159976656,22.4376766810738,8.07144528053081,4,150,149,31.5,1,2
"2781",0.00104355159976656,22.4376766810738,8.07144528053081,4,150,149,31.5,1,2
"2782",0.00104355159976656,22.4376766810738,8.07144528053081,4,150,149,17.5,0,2
"2783",0.00104355159976656,22.4376766810738,8.07144528053081,4,150,149,31.5,1,2
"2784",0.00104355159976656,22.4376766810738,8.07144528053081,4,150,149,17.5,0,2
"2785",0.00104355159976656,22.4376766810738,8.07144528053081,4,150,149,17.5,0,2
"2786",0.00104355159976656,22.4376766810738,8.07144528053081,4,150,149,30.5,1,2
"2787",0.00104355159976656,22.4376766810738,8.07144528053081,4,150,149,17.5,1,2
"2788",0.00104355159976656,22.4376766810738,8.07144528053081,4,150,149,30.5,1,2
"2789",0.00104355159976656,22.4376766810738,8.07144528053081,4,150,149,16.5,1,2
"2790",0.00104355159976656,22.4376766810738,8.07144528053081,4,150,149,15.5,0,2
"2791",0.00104355159976656,22.4376766810738,8.07144528053081,4,150,149,31.5,1,2
"2792",0.00104355159976656,22.4376766810738,8.07144528053081,4,150,149,16.5,0,2
"2793",0.00104355159976656,22.4376766810738,8.07144528053081,4,150,149,30.5,1,2
"2794",0.00104355159976656,22.4376766810738,8.07144528053081,4,150,149,16.5,0,2
"2795",0.00104355159976656,22.4376766810738,8.07144528053081,4,150,149,30.5,1,2
"2796",0.00104355159976656,22.4376766810738,8.07144528053081,4,150,149,16.5,0,2
"2797",0.00104355159976656,22.4376766810738,8.07144528053081,4,150,149,30.5,1,2
"2798",0.00104355159976656,22.4376766810738,8.07144528053081,4,150,149,16.5,0,2
"2799",0.00104355159976656,22.4376766810738,8.07144528053081,4,150,149,30.5,1,2
"2800",0.00104355159976656,22.4376766810738,8.07144528053081,4,150,149,17.5,0,2
"2801",0.00104355159976656,22.4376766810738,8.07144528053081,4,150,149,30.5,0,2
"2802",0.00104355159976656,22.4376766810738,8.07144528053081,4,150,149,30.5,0,2
"2803",0.00104355159976656,22.4376766810738,8.07144528053081,4,150,149,31.5,1,2
"2804",0.00104355159976656,22.4376766810738,8.07144528053081,4,150,149,16.5,0,2
"2805",0.00104355159976656,22.4376766810738,8.07144528053081,4,150,149,31.5,1,2
"2806",0.00104355159976656,22.4376766810738,8.07144528053081,4,150,149,16.5,0,2
"2807",0.00104355159976656,22.4376766810738,8.07144528053081,4,150,149,31.5,0,2
"2808",0.00104355159976656,22.4376766810738,8.07144528053081,4,150,149,32.5,0,2
"2809",0.00104355159976656,22.4376766810738,8.07144528053081,4,150,149,32.5,1,2
"2810",0.00104355159976656,22.4376766810738,8.07144528053081,4,150,149,32.5,1,2
"2811",0.00104355159976656,22.4376766810738,8.07144528053081,4,150,149,16.5,0,2
"2812",0.00104355159976656,22.4376766810738,8.07144528053081,4,150,149,32.5,1,2
"2813",0.00104355159976656,22.4376766810738,8.07144528053081,4,150,149,16.5,0,2
"2814",0.00104355159976656,22.4376766810738,8.07144528053081,4,150,149,16.5,0,2
"2815",0.00104355159976656,22.4376766810738,8.07144528053081,4,150,149,32.5,1,2
"2816",0.00104355159976656,22.4376766810738,8.07144528053081,4,150,149,16.5,1,2
"2817",0.00104355159976656,22.4376766810738,8.07144528053081,4,150,149,32.5,1,2
"2818",0.00104355159976656,22.4376766810738,8.07144528053081,4,150,149,16.5,0,2
"2819",0.00104355159976656,22.4376766810738,8.07144528053081,4,150,149,32.5,1,2
"2820",0.00104355159976656,22.4376766810738,8.07144528053081,4,150,149,16.5,0,2
"2821",0.00104355159976656,22.4376766810738,8.07144528053081,4,150,149,16.5,0,2
"2822",0.00104355159976656,22.4376766810738,8.07144528053081,4,150,149,32.5,1,2
"2823",0.00104355159976656,22.4376766810738,8.07144528053081,4,150,149,16.5,1,2
"2824",0.00104355159976656,22.4376766810738,8.07144528053081,4,150,149,32.5,1,2
"2825",0.00104355159976656,22.4376766810738,8.07144528053081,4,150,149,15.5,0,2
"2826",0.00104355159976656,22.4376766810738,8.07144528053081,4,150,149,32.5,1,2
"2827",0.00104355159976656,22.4376766810738,8.07144528053081,4,150,149,16.5,0,2
"2828",0.00104355159976656,22.4376766810738,8.07144528053081,4,150,149,31.5,1,2
"2829",0.00104355159976656,22.4376766810738,8.07144528053081,4,150,149,16.5,0,2
"2830",0.00104355159976656,22.4376766810738,8.07144528053081,4,150,149,31.5,1,2
"2831",0.00104355159976656,22.4376766810738,8.07144528053081,4,150,149,16.5,0,2
"2832",0.00104355159976656,22.4376766810738,8.07144528053081,4,150,149,31.5,0,2
"2833",0.00104355159976656,22.4376766810738,8.07144528053081,4,150,149,32.5,1,2
"2834",0.00104355159976656,22.4376766810738,8.07144528053081,4,150,149,16.5,0,2
"2835",0.00104355159976656,22.4376766810738,8.07144528053081,4,150,149,16.5,0,2
"2836",0.00104355159976656,22.4376766810738,8.07144528053081,4,150,149,32.5,0,2
"2837",0.00104355159976656,22.4376766810738,8.07144528053081,4,150,149,32.5,0,2
"2838",0.00104355159976656,22.4376766810738,8.07144528053081,4,150,149,33.5,1,2
"2839",0.00104355159976656,22.4376766810738,8.07144528053081,4,150,149,33.5,1,2
"2840",0.00104355159976656,22.4376766810738,8.07144528053081,4,150,149,16.5,0,2
"2841",0.00104355159976656,22.4376766810738,8.07144528053081,4,150,149,33.5,1,2
"2842",0.00104355159976656,22.4376766810738,8.07144528053081,4,150,149,16.5,0,2
"2843",0.00104355159976656,22.4376766810738,8.07144528053081,4,150,149,32.5,1,2
"2844",0.00104355159976656,22.4376766810738,8.07144528053081,4,150,149,16.5,1,2
"2845",0.00104355159976656,22.4376766810738,8.07144528053081,4,150,149,15.5,1,2
"2846",0.00104355159976656,22.4376766810738,8.07144528053081,4,150,149,33.5,1,2
"2847",0.00104355159976656,22.4376766810738,8.07144528053081,4,150,149,15.5,0,2
"2848",0.00104355159976656,22.4376766810738,8.07144528053081,4,150,149,33.5,1,2
"2849",0.00104355159976656,22.4376766810738,8.07144528053081,4,150,149,15.5,0,2
"2850",0.00104355159976656,22.4376766810738,8.07144528053081,4,150,149,15.5,1,2
"2851",0.010372477117152,20.3384485499746,9.13708910959587,5,150,149,-0.5,0,2
"2852",0.010372477117152,20.3384485499746,9.13708910959587,5,150,149,22.5,0,2
"2853",0.010372477117152,20.3384485499746,9.13708910959587,5,150,149,34.5,1,2
"2854",0.010372477117152,20.3384485499746,9.13708910959587,5,150,149,27.5,1,2
"2855",0.010372477117152,20.3384485499746,9.13708910959587,5,150,149,19.5,0,2
"2856",0.010372477117152,20.3384485499746,9.13708910959587,5,150,149,29.5,1,2
"2857",0.010372477117152,20.3384485499746,9.13708910959587,5,150,149,20.5,0,2
"2858",0.010372477117152,20.3384485499746,9.13708910959587,5,150,149,25.5,1,2
"2859",0.010372477117152,20.3384485499746,9.13708910959587,5,150,149,20.5,1,2
"2860",0.010372477117152,20.3384485499746,9.13708910959587,5,150,149,14.5,1,2
"2861",0.010372477117152,20.3384485499746,9.13708910959587,5,150,149,7.5,0,2
"2862",0.010372477117152,20.3384485499746,9.13708910959587,5,150,149,8.5,0,2
"2863",0.010372477117152,20.3384485499746,9.13708910959587,5,150,149,9.5,0,2
"2864",0.010372477117152,20.3384485499746,9.13708910959587,5,150,149,30.5,1,2
"2865",0.010372477117152,20.3384485499746,9.13708910959587,5,150,149,9.5,0,2
"2866",0.010372477117152,20.3384485499746,9.13708910959587,5,150,149,30.5,1,2
"2867",0.010372477117152,20.3384485499746,9.13708910959587,5,150,149,10.5,0,2
"2868",0.010372477117152,20.3384485499746,9.13708910959587,5,150,149,29.5,1,2
"2869",0.010372477117152,20.3384485499746,9.13708910959587,5,150,149,11.5,0,2
"2870",0.010372477117152,20.3384485499746,9.13708910959587,5,150,149,28.5,0,2
"2871",0.010372477117152,20.3384485499746,9.13708910959587,5,150,149,33.5,1,2
"2872",0.010372477117152,20.3384485499746,9.13708910959587,5,150,149,11.5,0,2
"2873",0.010372477117152,20.3384485499746,9.13708910959587,5,150,149,32.5,1,2
"2874",0.010372477117152,20.3384485499746,9.13708910959587,5,150,149,12.5,0,2
"2875",0.010372477117152,20.3384485499746,9.13708910959587,5,150,149,31.5,1,2
"2876",0.010372477117152,20.3384485499746,9.13708910959587,5,150,149,13.5,0,2
"2877",0.010372477117152,20.3384485499746,9.13708910959587,5,150,149,30.5,1,2
"2878",0.010372477117152,20.3384485499746,9.13708910959587,5,150,149,14.5,1,2
"2879",0.010372477117152,20.3384485499746,9.13708910959587,5,150,149,10.5,0,2
"2880",0.010372477117152,20.3384485499746,9.13708910959587,5,150,149,30.5,1,2
"2881",0.010372477117152,20.3384485499746,9.13708910959587,5,150,149,11.5,1,2
"2882",0.010372477117152,20.3384485499746,9.13708910959587,5,150,149,7.5,1,2
"2883",0.010372477117152,20.3384485499746,9.13708910959587,5,150,149,4.5,0,2
"2884",0.010372477117152,20.3384485499746,9.13708910959587,5,150,149,4.5,0,2
"2885",0.010372477117152,20.3384485499746,9.13708910959587,5,150,149,31.5,0,2
"2886",0.010372477117152,20.3384485499746,9.13708910959587,5,150,149,35.5,1,2
"2887",0.010372477117152,20.3384485499746,9.13708910959587,5,150,149,34.5,0,2
"2888",0.010372477117152,20.3384485499746,9.13708910959587,5,150,149,37.5,1,2
"2889",0.010372477117152,20.3384485499746,9.13708910959587,5,150,149,4.5,0,2
"2890",0.010372477117152,20.3384485499746,9.13708910959587,5,150,149,37.5,1,2
"2891",0.010372477117152,20.3384485499746,9.13708910959587,5,150,149,4.5,0,2
"2892",0.010372477117152,20.3384485499746,9.13708910959587,5,150,149,36.5,1,2
"2893",0.010372477117152,20.3384485499746,9.13708910959587,5,150,149,4.5,0,2
"2894",0.010372477117152,20.3384485499746,9.13708910959587,5,150,149,36.5,1,2
"2895",0.010372477117152,20.3384485499746,9.13708910959587,5,150,149,5.5,0,2
"2896",0.010372477117152,20.3384485499746,9.13708910959587,5,150,149,35.5,1,2
"2897",0.010372477117152,20.3384485499746,9.13708910959587,5,150,149,5.5,0,2
"2898",0.010372477117152,20.3384485499746,9.13708910959587,5,150,149,35.5,1,2
"2899",0.010372477117152,20.3384485499746,9.13708910959587,5,150,149,6.5,0,2
"2900",0.010372477117152,20.3384485499746,9.13708910959587,5,150,149,34.5,1,2
"2901",0.010372477117152,20.3384485499746,9.13708910959587,5,150,149,6.5,0,2
"2902",0.010372477117152,20.3384485499746,9.13708910959587,5,150,149,34.5,1,2
"2903",0.010372477117152,20.3384485499746,9.13708910959587,5,150,149,7.5,0,2
"2904",0.010372477117152,20.3384485499746,9.13708910959587,5,150,149,33.5,1,2
"2905",0.010372477117152,20.3384485499746,9.13708910959587,5,150,149,8.5,0,2
"2906",0.010372477117152,20.3384485499746,9.13708910959587,5,150,149,32.5,1,2
"2907",0.010372477117152,20.3384485499746,9.13708910959587,5,150,149,8.5,0,2
"2908",0.010372477117152,20.3384485499746,9.13708910959587,5,150,149,32.5,1,2
"2909",0.010372477117152,20.3384485499746,9.13708910959587,5,150,149,9.5,1,2
"2910",0.010372477117152,20.3384485499746,9.13708910959587,5,150,149,32.5,1,2
"2911",0.010372477117152,20.3384485499746,9.13708910959587,5,150,149,7.5,1,2
"2912",0.010372477117152,20.3384485499746,9.13708910959587,5,150,149,4.5,0,2
"2913",0.010372477117152,20.3384485499746,9.13708910959587,5,150,149,32.5,1,2
"2914",0.010372477117152,20.3384485499746,9.13708910959587,5,150,149,5.5,0,2
"2915",0.010372477117152,20.3384485499746,9.13708910959587,5,150,149,32.5,1,2
"2916",0.010372477117152,20.3384485499746,9.13708910959587,5,150,149,5.5,0,2
"2917",0.010372477117152,20.3384485499746,9.13708910959587,5,150,149,31.5,1,2
"2918",0.010372477117152,20.3384485499746,9.13708910959587,5,150,149,31.5,1,2
"2919",0.010372477117152,20.3384485499746,9.13708910959587,5,150,149,6.5,0,2
"2920",0.010372477117152,20.3384485499746,9.13708910959587,5,150,149,30.5,1,2
"2921",0.010372477117152,20.3384485499746,9.13708910959587,5,150,149,6.5,1,2
"2922",0.010372477117152,20.3384485499746,9.13708910959587,5,150,149,4.5,0,2
"2923",0.010372477117152,20.3384485499746,9.13708910959587,5,150,149,30.5,1,2
"2924",0.010372477117152,20.3384485499746,9.13708910959587,5,150,149,5.5,0,2
"2925",0.010372477117152,20.3384485499746,9.13708910959587,5,150,149,30.5,0,2
"2926",0.010372477117152,20.3384485499746,9.13708910959587,5,150,149,5.5,0,2
"2927",0.010372477117152,20.3384485499746,9.13708910959587,5,150,149,32.5,1,2
"2928",0.010372477117152,20.3384485499746,9.13708910959587,5,150,149,5.5,0,2
"2929",0.010372477117152,20.3384485499746,9.13708910959587,5,150,149,31.5,1,2
"2930",0.010372477117152,20.3384485499746,9.13708910959587,5,150,149,5.5,0,2
"2931",0.010372477117152,20.3384485499746,9.13708910959587,5,150,149,31.5,1,2
"2932",0.010372477117152,20.3384485499746,9.13708910959587,5,150,149,6.5,0,2
"2933",0.010372477117152,20.3384485499746,9.13708910959587,5,150,149,30.5,0,2
"2934",0.010372477117152,20.3384485499746,9.13708910959587,5,150,149,6.5,0,2
"2935",0.010372477117152,20.3384485499746,9.13708910959587,5,150,149,32.5,1,2
"2936",0.010372477117152,20.3384485499746,9.13708910959587,5,150,149,6.5,0,2
"2937",0.010372477117152,20.3384485499746,9.13708910959587,5,150,149,32.5,1,2
"2938",0.010372477117152,20.3384485499746,9.13708910959587,5,150,149,7.5,0,2
"2939",0.010372477117152,20.3384485499746,9.13708910959587,5,150,149,31.5,1,2
"2940",0.010372477117152,20.3384485499746,9.13708910959587,5,150,149,7.5,1,2
"2941",0.010372477117152,20.3384485499746,9.13708910959587,5,150,149,32.5,1,2
"2942",0.010372477117152,20.3384485499746,9.13708910959587,5,150,149,5.5,0,2
"2943",0.010372477117152,20.3384485499746,9.13708910959587,5,150,149,31.5,1,2
"2944",0.010372477117152,20.3384485499746,9.13708910959587,5,150,149,6.5,0,2
"2945",0.010372477117152,20.3384485499746,9.13708910959587,5,150,149,31.5,1,2
"2946",0.010372477117152,20.3384485499746,9.13708910959587,5,150,149,6.5,0,2
"2947",0.010372477117152,20.3384485499746,9.13708910959587,5,150,149,30.5,1,2
"2948",0.010372477117152,20.3384485499746,9.13708910959587,5,150,149,30.5,1,2
"2949",0.010372477117152,20.3384485499746,9.13708910959587,5,150,149,7.5,0,2
"2950",0.010372477117152,20.3384485499746,9.13708910959587,5,150,149,30.5,1,2
"2951",0.010372477117152,20.3384485499746,9.13708910959587,5,150,149,7.5,0,2
"2952",0.010372477117152,20.3384485499746,9.13708910959587,5,150,149,30.5,1,2
"2953",0.010372477117152,20.3384485499746,9.13708910959587,5,150,149,7.5,0,2
"2954",0.010372477117152,20.3384485499746,9.13708910959587,5,150,149,29.5,1,2
"2955",0.010372477117152,20.3384485499746,9.13708910959587,5,150,149,29.5,1,2
"2956",0.010372477117152,20.3384485499746,9.13708910959587,5,150,149,8.5,0,2
"2957",0.010372477117152,20.3384485499746,9.13708910959587,5,150,149,29.5,0,2
"2958",0.010372477117152,20.3384485499746,9.13708910959587,5,150,149,8.5,0,2
"2959",0.010372477117152,20.3384485499746,9.13708910959587,5,150,149,8.5,0,2
"2960",0.010372477117152,20.3384485499746,9.13708910959587,5,150,149,30.5,1,2
"2961",0.010372477117152,20.3384485499746,9.13708910959587,5,150,149,8.5,0,2
"2962",0.010372477117152,20.3384485499746,9.13708910959587,5,150,149,30.5,1,2
"2963",0.010372477117152,20.3384485499746,9.13708910959587,5,150,149,8.5,0,2
"2964",0.010372477117152,20.3384485499746,9.13708910959587,5,150,149,29.5,1,2
"2965",0.010372477117152,20.3384485499746,9.13708910959587,5,150,149,9.5,0,2
"2966",0.010372477117152,20.3384485499746,9.13708910959587,5,150,149,29.5,1,2
"2967",0.010372477117152,20.3384485499746,9.13708910959587,5,150,149,9.5,0,2
"2968",0.010372477117152,20.3384485499746,9.13708910959587,5,150,149,29.5,1,2
"2969",0.010372477117152,20.3384485499746,9.13708910959587,5,150,149,9.5,1,2
"2970",0.010372477117152,20.3384485499746,9.13708910959587,5,150,149,29.5,0,2
"2971",0.010372477117152,20.3384485499746,9.13708910959587,5,150,149,8.5,0,2
"2972",0.010372477117152,20.3384485499746,9.13708910959587,5,150,149,30.5,1,2
"2973",0.010372477117152,20.3384485499746,9.13708910959587,5,150,149,8.5,0,2
"2974",0.010372477117152,20.3384485499746,9.13708910959587,5,150,149,30.5,1,2
"2975",0.010372477117152,20.3384485499746,9.13708910959587,5,150,149,8.5,0,2
"2976",0.010372477117152,20.3384485499746,9.13708910959587,5,150,149,29.5,1,2
"2977",0.010372477117152,20.3384485499746,9.13708910959587,5,150,149,8.5,0,2
"2978",0.010372477117152,20.3384485499746,9.13708910959587,5,150,149,29.5,1,2
"2979",0.010372477117152,20.3384485499746,9.13708910959587,5,150,149,9.5,0,2
"2980",0.010372477117152,20.3384485499746,9.13708910959587,5,150,149,29.5,1,2
"2981",0.010372477117152,20.3384485499746,9.13708910959587,5,150,149,9.5,0,2
"2982",0.010372477117152,20.3384485499746,9.13708910959587,5,150,149,29.5,1,2
"2983",0.010372477117152,20.3384485499746,9.13708910959587,5,150,149,9.5,0,2
"2984",0.010372477117152,20.3384485499746,9.13708910959587,5,150,149,29.5,1,2
"2985",0.010372477117152,20.3384485499746,9.13708910959587,5,150,149,9.5,0,2
"2986",0.010372477117152,20.3384485499746,9.13708910959587,5,150,149,28.5,1,2
"2987",0.010372477117152,20.3384485499746,9.13708910959587,5,150,149,9.5,0,2
"2988",0.010372477117152,20.3384485499746,9.13708910959587,5,150,149,28.5,0,2
"2989",0.010372477117152,20.3384485499746,9.13708910959587,5,150,149,9.5,0,2
"2990",0.010372477117152,20.3384485499746,9.13708910959587,5,150,149,9.5,0,2
"2991",0.010372477117152,20.3384485499746,9.13708910959587,5,150,149,29.5,1,2
"2992",0.010372477117152,20.3384485499746,9.13708910959587,5,150,149,10.5,0,2
"2993",0.010372477117152,20.3384485499746,9.13708910959587,5,150,149,29.5,0,2
"2994",0.010372477117152,20.3384485499746,9.13708910959587,5,150,149,10.5,0,2
"2995",0.010372477117152,20.3384485499746,9.13708910959587,5,150,149,10.5,0,2
"2996",0.010372477117152,20.3384485499746,9.13708910959587,5,150,149,30.5,1,2
"2997",0.010372477117152,20.3384485499746,9.13708910959587,5,150,149,10.5,0,2
"2998",0.010372477117152,20.3384485499746,9.13708910959587,5,150,149,30.5,1,2
"2999",0.010372477117152,20.3384485499746,9.13708910959587,5,150,149,10.5,0,2
"3000",0.010372477117152,20.3384485499746,9.13708910959587,5,150,149,29.5,1,2
"3001",0.00653622014325978,17.6347085227771,9.28393410283612,6,150,149,-0.5,0,2
"3002",0.00653622014325978,17.6347085227771,9.28393410283612,6,150,149,22.5,1,2
"3003",0.00653622014325978,17.6347085227771,9.28393410283612,6,150,149,10.5,0,2
"3004",0.00653622014325978,17.6347085227771,9.28393410283612,6,150,149,18.5,1,2
"3005",0.00653622014325978,17.6347085227771,9.28393410283612,6,150,149,13.5,0,2
"3006",0.00653622014325978,17.6347085227771,9.28393410283612,6,150,149,20.5,1,2
"3007",0.00653622014325978,17.6347085227771,9.28393410283612,6,150,149,12.5,0,2
"3008",0.00653622014325978,17.6347085227771,9.28393410283612,6,150,149,16.5,1,2
"3009",0.00653622014325978,17.6347085227771,9.28393410283612,6,150,149,11.5,0,2
"3010",0.00653622014325978,17.6347085227771,9.28393410283612,6,150,149,17.5,0,2
"3011",0.00653622014325978,17.6347085227771,9.28393410283612,6,150,149,23.5,1,2
"3012",0.00653622014325978,17.6347085227771,9.28393410283612,6,150,149,22.5,1,2
"3013",0.00653622014325978,17.6347085227771,9.28393410283612,6,150,149,11.5,0,2
"3014",0.00653622014325978,17.6347085227771,9.28393410283612,6,150,149,21.5,1,2
"3015",0.00653622014325978,17.6347085227771,9.28393410283612,6,150,149,13.5,0,2
"3016",0.00653622014325978,17.6347085227771,9.28393410283612,6,150,149,19.5,0,2
"3017",0.00653622014325978,17.6347085227771,9.28393410283612,6,150,149,23.5,1,2
"3018",0.00653622014325978,17.6347085227771,9.28393410283612,6,150,149,12.5,1,2
"3019",0.00653622014325978,17.6347085227771,9.28393410283612,6,150,149,8.5,0,2
"3020",0.00653622014325978,17.6347085227771,9.28393410283612,6,150,149,24.5,1,2
"3021",0.00653622014325978,17.6347085227771,9.28393410283612,6,150,149,9.5,0,2
"3022",0.00653622014325978,17.6347085227771,9.28393410283612,6,150,149,23.5,0,2
"3023",0.00653622014325978,17.6347085227771,9.28393410283612,6,150,149,27.5,0,2
"3024",0.00653622014325978,17.6347085227771,9.28393410283612,6,150,149,31.5,1,2
"3025",0.00653622014325978,17.6347085227771,9.28393410283612,6,150,149,31.5,1,2
"3026",0.00653622014325978,17.6347085227771,9.28393410283612,6,150,149,31.5,0,2
"3027",0.00653622014325978,17.6347085227771,9.28393410283612,6,150,149,34.5,1,2
"3028",0.00653622014325978,17.6347085227771,9.28393410283612,6,150,149,34.5,1,2
"3029",0.00653622014325978,17.6347085227771,9.28393410283612,6,150,149,4.5,0,2
"3030",0.00653622014325978,17.6347085227771,9.28393410283612,6,150,149,34.5,1,2
"3031",0.00653622014325978,17.6347085227771,9.28393410283612,6,150,149,5.5,0,2
"3032",0.00653622014325978,17.6347085227771,9.28393410283612,6,150,149,33.5,1,2
"3033",0.00653622014325978,17.6347085227771,9.28393410283612,6,150,149,5.5,0,2
"3034",0.00653622014325978,17.6347085227771,9.28393410283612,6,150,149,32.5,1,2
"3035",0.00653622014325978,17.6347085227771,9.28393410283612,6,150,149,6.5,1,2
"3036",0.00653622014325978,17.6347085227771,9.28393410283612,6,150,149,3.5,1,2
"3037",0.00653622014325978,17.6347085227771,9.28393410283612,6,150,149,0.5,0,2
"3038",0.00653622014325978,17.6347085227771,9.28393410283612,6,150,149,0.5,0,2
"3039",0.00653622014325978,17.6347085227771,9.28393410283612,6,150,149,34.5,1,2
"3040",0.00653622014325978,17.6347085227771,9.28393410283612,6,150,149,1.5,0,2
"3041",0.00653622014325978,17.6347085227771,9.28393410283612,6,150,149,33.5,1,2
"3042",0.00653622014325978,17.6347085227771,9.28393410283612,6,150,149,1.5,0,2
"3043",0.00653622014325978,17.6347085227771,9.28393410283612,6,150,149,33.5,1,2
"3044",0.00653622014325978,17.6347085227771,9.28393410283612,6,150,149,1.5,0,2
"3045",0.00653622014325978,17.6347085227771,9.28393410283612,6,150,149,33.5,1,2
"3046",0.00653622014325978,17.6347085227771,9.28393410283612,6,150,149,2.5,0,2
"3047",0.00653622014325978,17.6347085227771,9.28393410283612,6,150,149,32.5,0,2
"3048",0.00653622014325978,17.6347085227771,9.28393410283612,6,150,149,35.5,1,2
"3049",0.00653622014325978,17.6347085227771,9.28393410283612,6,150,149,2.5,0,2
"3050",0.00653622014325978,17.6347085227771,9.28393410283612,6,150,149,34.5,1,2
"3051",0.00653622014325978,17.6347085227771,9.28393410283612,6,150,149,2.5,0,2
"3052",0.00653622014325978,17.6347085227771,9.28393410283612,6,150,149,34.5,1,2
"3053",0.00653622014325978,17.6347085227771,9.28393410283612,6,150,149,3.5,0,2
"3054",0.00653622014325978,17.6347085227771,9.28393410283612,6,150,149,33.5,1,2
"3055",0.00653622014325978,17.6347085227771,9.28393410283612,6,150,149,3.5,0,2
"3056",0.00653622014325978,17.6347085227771,9.28393410283612,6,150,149,33.5,1,2
"3057",0.00653622014325978,17.6347085227771,9.28393410283612,6,150,149,4.5,0,2
"3058",0.00653622014325978,17.6347085227771,9.28393410283612,6,150,149,32.5,1,2
"3059",0.00653622014325978,17.6347085227771,9.28393410283612,6,150,149,4.5,0,2
"3060",0.00653622014325978,17.6347085227771,9.28393410283612,6,150,149,32.5,1,2
"3061",0.00653622014325978,17.6347085227771,9.28393410283612,6,150,149,5.5,0,2
"3062",0.00653622014325978,17.6347085227771,9.28393410283612,6,150,149,31.5,1,2
"3063",0.00653622014325978,17.6347085227771,9.28393410283612,6,150,149,5.5,0,2
"3064",0.00653622014325978,17.6347085227771,9.28393410283612,6,150,149,31.5,1,2
"3065",0.00653622014325978,17.6347085227771,9.28393410283612,6,150,149,6.5,0,2
"3066",0.00653622014325978,17.6347085227771,9.28393410283612,6,150,149,30.5,1,2
"3067",0.00653622014325978,17.6347085227771,9.28393410283612,6,150,149,6.5,0,2
"3068",0.00653622014325978,17.6347085227771,9.28393410283612,6,150,149,30.5,1,2
"3069",0.00653622014325978,17.6347085227771,9.28393410283612,6,150,149,7.5,0,2
"3070",0.00653622014325978,17.6347085227771,9.28393410283612,6,150,149,29.5,1,2
"3071",0.00653622014325978,17.6347085227771,9.28393410283612,6,150,149,7.5,0,2
"3072",0.00653622014325978,17.6347085227771,9.28393410283612,6,150,149,8.5,0,2
"3073",0.00653622014325978,17.6347085227771,9.28393410283612,6,150,149,29.5,1,2
"3074",0.00653622014325978,17.6347085227771,9.28393410283612,6,150,149,8.5,0,2
"3075",0.00653622014325978,17.6347085227771,9.28393410283612,6,150,149,28.5,1,2
"3076",0.00653622014325978,17.6347085227771,9.28393410283612,6,150,149,9.5,0,2
"3077",0.00653622014325978,17.6347085227771,9.28393410283612,6,150,149,28.5,0,2
"3078",0.00653622014325978,17.6347085227771,9.28393410283612,6,150,149,8.5,0,2
"3079",0.00653622014325978,17.6347085227771,9.28393410283612,6,150,149,9.5,1,2
"3080",0.00653622014325978,17.6347085227771,9.28393410283612,6,150,149,30.5,1,2
"3081",0.00653622014325978,17.6347085227771,9.28393410283612,6,150,149,30.5,1,2
"3082",0.00653622014325978,17.6347085227771,9.28393410283612,6,150,149,7.5,0,2
"3083",0.00653622014325978,17.6347085227771,9.28393410283612,6,150,149,29.5,1,2
"3084",0.00653622014325978,17.6347085227771,9.28393410283612,6,150,149,8.5,1,2
"3085",0.00653622014325978,17.6347085227771,9.28393410283612,6,150,149,29.5,1,2
"3086",0.00653622014325978,17.6347085227771,9.28393410283612,6,150,149,29.5,1,2
"3087",0.00653622014325978,17.6347085227771,9.28393410283612,6,150,149,6.5,0,2
"3088",0.00653622014325978,17.6347085227771,9.28393410283612,6,150,149,29.5,1,2
"3089",0.00653622014325978,17.6347085227771,9.28393410283612,6,150,149,7.5,0,2
"3090",0.00653622014325978,17.6347085227771,9.28393410283612,6,150,149,28.5,1,2
"3091",0.00653622014325978,17.6347085227771,9.28393410283612,6,150,149,7.5,0,2
"3092",0.00653622014325978,17.6347085227771,9.28393410283612,6,150,149,28.5,1,2
"3093",0.00653622014325978,17.6347085227771,9.28393410283612,6,150,149,7.5,0,2
"3094",0.00653622014325978,17.6347085227771,9.28393410283612,6,150,149,28.5,1,2
"3095",0.00653622014325978,17.6347085227771,9.28393410283612,6,150,149,27.5,0,2
"3096",0.00653622014325978,17.6347085227771,9.28393410283612,6,150,149,7.5,0,2
"3097",0.00653622014325978,17.6347085227771,9.28393410283612,6,150,149,7.5,0,2
"3098",0.00653622014325978,17.6347085227771,9.28393410283612,6,150,149,8.5,0,2
"3099",0.00653622014325978,17.6347085227771,9.28393410283612,6,150,149,29.5,1,2
"3100",0.00653622014325978,17.6347085227771,9.28393410283612,6,150,149,8.5,0,2
"3101",0.00653622014325978,17.6347085227771,9.28393410283612,6,150,149,28.5,1,2
"3102",0.00653622014325978,17.6347085227771,9.28393410283612,6,150,149,8.5,0,2
"3103",0.00653622014325978,17.6347085227771,9.28393410283612,6,150,149,28.5,1,2
"3104",0.00653622014325978,17.6347085227771,9.28393410283612,6,150,149,9.5,1,2
"3105",0.00653622014325978,17.6347085227771,9.28393410283612,6,150,149,28.5,1,2
"3106",0.00653622014325978,17.6347085227771,9.28393410283612,6,150,149,28.5,1,2
"3107",0.00653622014325978,17.6347085227771,9.28393410283612,6,150,149,7.5,0,2
"3108",0.00653622014325978,17.6347085227771,9.28393410283612,6,150,149,28.5,1,2
"3109",0.00653622014325978,17.6347085227771,9.28393410283612,6,150,149,8.5,0,2
"3110",0.00653622014325978,17.6347085227771,9.28393410283612,6,150,149,27.5,1,2
"3111",0.00653622014325978,17.6347085227771,9.28393410283612,6,150,149,27.5,1,2
"3112",0.00653622014325978,17.6347085227771,9.28393410283612,6,150,149,8.5,0,2
"3113",0.00653622014325978,17.6347085227771,9.28393410283612,6,150,149,27.5,1,2
"3114",0.00653622014325978,17.6347085227771,9.28393410283612,6,150,149,8.5,0,2
"3115",0.00653622014325978,17.6347085227771,9.28393410283612,6,150,149,27.5,0,2
"3116",0.00653622014325978,17.6347085227771,9.28393410283612,6,150,149,8.5,0,2
"3117",0.00653622014325978,17.6347085227771,9.28393410283612,6,150,149,8.5,1,2
"3118",0.00653622014325978,17.6347085227771,9.28393410283612,6,150,149,28.5,1,2
"3119",0.00653622014325978,17.6347085227771,9.28393410283612,6,150,149,7.5,0,2
"3120",0.00653622014325978,17.6347085227771,9.28393410283612,6,150,149,28.5,1,2
"3121",0.00653622014325978,17.6347085227771,9.28393410283612,6,150,149,8.5,0,2
"3122",0.00653622014325978,17.6347085227771,9.28393410283612,6,150,149,28.5,1,2
"3123",0.00653622014325978,17.6347085227771,9.28393410283612,6,150,149,8.5,1,2
"3124",0.00653622014325978,17.6347085227771,9.28393410283612,6,150,149,28.5,1,2
"3125",0.00653622014325978,17.6347085227771,9.28393410283612,6,150,149,27.5,1,2
"3126",0.00653622014325978,17.6347085227771,9.28393410283612,6,150,149,7.5,0,2
"3127",0.00653622014325978,17.6347085227771,9.28393410283612,6,150,149,27.5,1,2
"3128",0.00653622014325978,17.6347085227771,9.28393410283612,6,150,149,7.5,0,2
"3129",0.00653622014325978,17.6347085227771,9.28393410283612,6,150,149,27.5,1,2
"3130",0.00653622014325978,17.6347085227771,9.28393410283612,6,150,149,27.5,0,2
"3131",0.00653622014325978,17.6347085227771,9.28393410283612,6,150,149,7.5,0,2
"3132",0.00653622014325978,17.6347085227771,9.28393410283612,6,150,149,7.5,0,2
"3133",0.00653622014325978,17.6347085227771,9.28393410283612,6,150,149,7.5,0,2
"3134",0.00653622014325978,17.6347085227771,9.28393410283612,6,150,149,28.5,1,2
"3135",0.00653622014325978,17.6347085227771,9.28393410283612,6,150,149,8.5,0,2
"3136",0.00653622014325978,17.6347085227771,9.28393410283612,6,150,149,27.5,1,2
"3137",0.00653622014325978,17.6347085227771,9.28393410283612,6,150,149,27.5,1,2
"3138",0.00653622014325978,17.6347085227771,9.28393410283612,6,150,149,8.5,0,2
"3139",0.00653622014325978,17.6347085227771,9.28393410283612,6,150,149,27.5,1,2
"3140",0.00653622014325978,17.6347085227771,9.28393410283612,6,150,149,8.5,1,2
"3141",0.00653622014325978,17.6347085227771,9.28393410283612,6,150,149,27.5,1,2
"3142",0.00653622014325978,17.6347085227771,9.28393410283612,6,150,149,7.5,0,2
"3143",0.00653622014325978,17.6347085227771,9.28393410283612,6,150,149,27.5,1,2
"3144",0.00653622014325978,17.6347085227771,9.28393410283612,6,150,149,27.5,1,2
"3145",0.00653622014325978,17.6347085227771,9.28393410283612,6,150,149,7.5,0,2
"3146",0.00653622014325978,17.6347085227771,9.28393410283612,6,150,149,27.5,1,2
"3147",0.00653622014325978,17.6347085227771,9.28393410283612,6,150,149,8.5,1,2
"3148",0.00653622014325978,17.6347085227771,9.28393410283612,6,150,149,27.5,0,2
"3149",0.00653622014325978,17.6347085227771,9.28393410283612,6,150,149,7.5,1,2
"3150",0.00653622014325978,17.6347085227771,9.28393410283612,6,150,149,6.5,0,2
"3151",9.36833284816055e-05,28.4235383588887,7.66730372658316,7,150,149,-0.5,0,2
"3152",9.36833284816055e-05,28.4235383588887,7.66730372658316,7,150,149,22.5,0,2
"3153",9.36833284816055e-05,28.4235383588887,7.66730372658316,7,150,149,34.5,1,2
"3154",9.36833284816055e-05,28.4235383588887,7.66730372658316,7,150,149,27.5,1,2
"3155",9.36833284816055e-05,28.4235383588887,7.66730372658316,7,150,149,19.5,0,2
"3156",9.36833284816055e-05,28.4235383588887,7.66730372658316,7,150,149,29.5,0,2
"3157",9.36833284816055e-05,28.4235383588887,7.66730372658316,7,150,149,36.5,0,2
"3158",9.36833284816055e-05,28.4235383588887,7.66730372658316,7,150,149,41.5,1,2
"3159",9.36833284816055e-05,28.4235383588887,7.66730372658316,7,150,149,41.5,1,2
"3160",9.36833284816055e-05,28.4235383588887,7.66730372658316,7,150,149,22.5,1,2
"3161",9.36833284816055e-05,28.4235383588887,7.66730372658316,7,150,149,17.5,0,2
"3162",9.36833284816055e-05,28.4235383588887,7.66730372658316,7,150,149,40.5,1,2
"3163",9.36833284816055e-05,28.4235383588887,7.66730372658316,7,150,149,17.5,0,2
"3164",9.36833284816055e-05,28.4235383588887,7.66730372658316,7,150,149,40.5,1,2
"3165",9.36833284816055e-05,28.4235383588887,7.66730372658316,7,150,149,17.5,0,2
"3166",9.36833284816055e-05,28.4235383588887,7.66730372658316,7,150,149,40.5,1,2
"3167",9.36833284816055e-05,28.4235383588887,7.66730372658316,7,150,149,17.5,0,2
"3168",9.36833284816055e-05,28.4235383588887,7.66730372658316,7,150,149,40.5,1,2
"3169",9.36833284816055e-05,28.4235383588887,7.66730372658316,7,150,149,17.5,0,2
"3170",9.36833284816055e-05,28.4235383588887,7.66730372658316,7,150,149,39.5,1,2
"3171",9.36833284816055e-05,28.4235383588887,7.66730372658316,7,150,149,18.5,0,2
"3172",9.36833284816055e-05,28.4235383588887,7.66730372658316,7,150,149,38.5,0,2
"3173",9.36833284816055e-05,28.4235383588887,7.66730372658316,7,150,149,43.5,1,2
"3174",9.36833284816055e-05,28.4235383588887,7.66730372658316,7,150,149,19.5,0,2
"3175",9.36833284816055e-05,28.4235383588887,7.66730372658316,7,150,149,42.5,1,2
"3176",9.36833284816055e-05,28.4235383588887,7.66730372658316,7,150,149,19.5,0,2
"3177",9.36833284816055e-05,28.4235383588887,7.66730372658316,7,150,149,41.5,1,2
"3178",9.36833284816055e-05,28.4235383588887,7.66730372658316,7,150,149,20.5,0,2
"3179",9.36833284816055e-05,28.4235383588887,7.66730372658316,7,150,149,40.5,1,2
"3180",9.36833284816055e-05,28.4235383588887,7.66730372658316,7,150,149,22.5,1,2
"3181",9.36833284816055e-05,28.4235383588887,7.66730372658316,7,150,149,17.5,0,2
"3182",9.36833284816055e-05,28.4235383588887,7.66730372658316,7,150,149,40.5,1,2
"3183",9.36833284816055e-05,28.4235383588887,7.66730372658316,7,150,149,18.5,0,2
"3184",9.36833284816055e-05,28.4235383588887,7.66730372658316,7,150,149,39.5,1,2
"3185",9.36833284816055e-05,28.4235383588887,7.66730372658316,7,150,149,19.5,0,2
"3186",9.36833284816055e-05,28.4235383588887,7.66730372658316,7,150,149,38.5,1,2
"3187",9.36833284816055e-05,28.4235383588887,7.66730372658316,7,150,149,37.5,1,2
"3188",9.36833284816055e-05,28.4235383588887,7.66730372658316,7,150,149,20.5,0,2
"3189",9.36833284816055e-05,28.4235383588887,7.66730372658316,7,150,149,36.5,1,2
"3190",9.36833284816055e-05,28.4235383588887,7.66730372658316,7,150,149,23.5,0,2
"3191",9.36833284816055e-05,28.4235383588887,7.66730372658316,7,150,149,36.5,0,2
"3192",9.36833284816055e-05,28.4235383588887,7.66730372658316,7,150,149,21.5,0,2
"3193",9.36833284816055e-05,28.4235383588887,7.66730372658316,7,150,149,21.5,0,2
"3194",9.36833284816055e-05,28.4235383588887,7.66730372658316,7,150,149,39.5,1,2
"3195",9.36833284816055e-05,28.4235383588887,7.66730372658316,7,150,149,22.5,0,2
"3196",9.36833284816055e-05,28.4235383588887,7.66730372658316,7,150,149,38.5,1,2
"3197",9.36833284816055e-05,28.4235383588887,7.66730372658316,7,150,149,23.5,1,2
"3198",9.36833284816055e-05,28.4235383588887,7.66730372658316,7,150,149,38.5,1,2
"3199",9.36833284816055e-05,28.4235383588887,7.66730372658316,7,150,149,20.5,0,2
"3200",9.36833284816055e-05,28.4235383588887,7.66730372658316,7,150,149,38.5,1,2
"3201",9.36833284816055e-05,28.4235383588887,7.66730372658316,7,150,149,21.5,0,2
"3202",9.36833284816055e-05,28.4235383588887,7.66730372658316,7,150,149,37.5,1,2
"3203",9.36833284816055e-05,28.4235383588887,7.66730372658316,7,150,149,37.5,1,2
"3204",9.36833284816055e-05,28.4235383588887,7.66730372658316,7,150,149,21.5,1,2
"3205",9.36833284816055e-05,28.4235383588887,7.66730372658316,7,150,149,19.5,0,2
"3206",9.36833284816055e-05,28.4235383588887,7.66730372658316,7,150,149,37.5,1,2
"3207",9.36833284816055e-05,28.4235383588887,7.66730372658316,7,150,149,36.5,0,2
"3208",9.36833284816055e-05,28.4235383588887,7.66730372658316,7,150,149,19.5,0,2
"3209",9.36833284816055e-05,28.4235383588887,7.66730372658316,7,150,149,20.5,0,2
"3210",9.36833284816055e-05,28.4235383588887,7.66730372658316,7,150,149,38.5,1,2
"3211",9.36833284816055e-05,28.4235383588887,7.66730372658316,7,150,149,20.5,0,2
"3212",9.36833284816055e-05,28.4235383588887,7.66730372658316,7,150,149,38.5,1,2
"3213",9.36833284816055e-05,28.4235383588887,7.66730372658316,7,150,149,21.5,0,2
"3214",9.36833284816055e-05,28.4235383588887,7.66730372658316,7,150,149,37.5,1,2
"3215",9.36833284816055e-05,28.4235383588887,7.66730372658316,7,150,149,21.5,0,2
"3216",9.36833284816055e-05,28.4235383588887,7.66730372658316,7,150,149,37.5,1,2
"3217",9.36833284816055e-05,28.4235383588887,7.66730372658316,7,150,149,21.5,0,2
"3218",9.36833284816055e-05,28.4235383588887,7.66730372658316,7,150,149,36.5,1,2
"3219",9.36833284816055e-05,28.4235383588887,7.66730372658316,7,150,149,36.5,1,2
"3220",9.36833284816055e-05,28.4235383588887,7.66730372658316,7,150,149,22.5,0,2
"3221",9.36833284816055e-05,28.4235383588887,7.66730372658316,7,150,149,36.5,1,2
"3222",9.36833284816055e-05,28.4235383588887,7.66730372658316,7,150,149,22.5,0,2
"3223",9.36833284816055e-05,28.4235383588887,7.66730372658316,7,150,149,35.5,0,2
"3224",9.36833284816055e-05,28.4235383588887,7.66730372658316,7,150,149,22.5,0,2
"3225",9.36833284816055e-05,28.4235383588887,7.66730372658316,7,150,149,22.5,1,2
"3226",9.36833284816055e-05,28.4235383588887,7.66730372658316,7,150,149,37.5,1,2
"3227",9.36833284816055e-05,28.4235383588887,7.66730372658316,7,150,149,21.5,0,2
"3228",9.36833284816055e-05,28.4235383588887,7.66730372658316,7,150,149,37.5,1,2
"3229",9.36833284816055e-05,28.4235383588887,7.66730372658316,7,150,149,21.5,0,2
"3230",9.36833284816055e-05,28.4235383588887,7.66730372658316,7,150,149,36.5,0,2
"3231",9.36833284816055e-05,28.4235383588887,7.66730372658316,7,150,149,21.5,0,2
"3232",9.36833284816055e-05,28.4235383588887,7.66730372658316,7,150,149,38.5,1,2
"3233",9.36833284816055e-05,28.4235383588887,7.66730372658316,7,150,149,22.5,1,2
"3234",9.36833284816055e-05,28.4235383588887,7.66730372658316,7,150,149,38.5,1,2
"3235",9.36833284816055e-05,28.4235383588887,7.66730372658316,7,150,149,20.5,1,2
"3236",9.36833284816055e-05,28.4235383588887,7.66730372658316,7,150,149,38.5,1,2
"3237",9.36833284816055e-05,28.4235383588887,7.66730372658316,7,150,149,19.5,0,2
"3238",9.36833284816055e-05,28.4235383588887,7.66730372658316,7,150,149,38.5,1,2
"3239",9.36833284816055e-05,28.4235383588887,7.66730372658316,7,150,149,20.5,0,2
"3240",9.36833284816055e-05,28.4235383588887,7.66730372658316,7,150,149,37.5,1,2
"3241",9.36833284816055e-05,28.4235383588887,7.66730372658316,7,150,149,20.5,0,2
"3242",9.36833284816055e-05,28.4235383588887,7.66730372658316,7,150,149,37.5,1,2
"3243",9.36833284816055e-05,28.4235383588887,7.66730372658316,7,150,149,20.5,0,2
"3244",9.36833284816055e-05,28.4235383588887,7.66730372658316,7,150,149,37.5,0,2
"3245",9.36833284816055e-05,28.4235383588887,7.66730372658316,7,150,149,20.5,0,2
"3246",9.36833284816055e-05,28.4235383588887,7.66730372658316,7,150,149,38.5,1,2
"3247",9.36833284816055e-05,28.4235383588887,7.66730372658316,7,150,149,20.5,0,2
"3248",9.36833284816055e-05,28.4235383588887,7.66730372658316,7,150,149,38.5,1,2
"3249",9.36833284816055e-05,28.4235383588887,7.66730372658316,7,150,149,21.5,0,2
"3250",9.36833284816055e-05,28.4235383588887,7.66730372658316,7,150,149,37.5,1,2
"3251",9.36833284816055e-05,28.4235383588887,7.66730372658316,7,150,149,21.5,0,2
"3252",9.36833284816055e-05,28.4235383588887,7.66730372658316,7,150,149,37.5,1,2
"3253",9.36833284816055e-05,28.4235383588887,7.66730372658316,7,150,149,21.5,0,2
"3254",9.36833284816055e-05,28.4235383588887,7.66730372658316,7,150,149,37.5,1,2
"3255",9.36833284816055e-05,28.4235383588887,7.66730372658316,7,150,149,21.5,0,2
"3256",9.36833284816055e-05,28.4235383588887,7.66730372658316,7,150,149,37.5,1,2
"3257",9.36833284816055e-05,28.4235383588887,7.66730372658316,7,150,149,21.5,0,2
"3258",9.36833284816055e-05,28.4235383588887,7.66730372658316,7,150,149,36.5,1,2
"3259",9.36833284816055e-05,28.4235383588887,7.66730372658316,7,150,149,22.5,1,2
"3260",9.36833284816055e-05,28.4235383588887,7.66730372658316,7,150,149,36.5,1,2
"3261",9.36833284816055e-05,28.4235383588887,7.66730372658316,7,150,149,36.5,1,2
"3262",9.36833284816055e-05,28.4235383588887,7.66730372658316,7,150,149,21.5,0,2
"3263",9.36833284816055e-05,28.4235383588887,7.66730372658316,7,150,149,36.5,1,2
"3264",9.36833284816055e-05,28.4235383588887,7.66730372658316,7,150,149,21.5,0,2
"3265",9.36833284816055e-05,28.4235383588887,7.66730372658316,7,150,149,36.5,1,2
"3266",9.36833284816055e-05,28.4235383588887,7.66730372658316,7,150,149,21.5,1,2
"3267",9.36833284816055e-05,28.4235383588887,7.66730372658316,7,150,149,36.5,1,2
"3268",9.36833284816055e-05,28.4235383588887,7.66730372658316,7,150,149,20.5,0,2
"3269",9.36833284816055e-05,28.4235383588887,7.66730372658316,7,150,149,36.5,1,2
"3270",9.36833284816055e-05,28.4235383588887,7.66730372658316,7,150,149,21.5,0,2
"3271",9.36833284816055e-05,28.4235383588887,7.66730372658316,7,150,149,36.5,0,2
"3272",9.36833284816055e-05,28.4235383588887,7.66730372658316,7,150,149,21.5,0,2
"3273",9.36833284816055e-05,28.4235383588887,7.66730372658316,7,150,149,36.5,1,2
"3274",9.36833284816055e-05,28.4235383588887,7.66730372658316,7,150,149,21.5,0,2
"3275",9.36833284816055e-05,28.4235383588887,7.66730372658316,7,150,149,36.5,1,2
"3276",9.36833284816055e-05,28.4235383588887,7.66730372658316,7,150,149,21.5,1,2
"3277",9.36833284816055e-05,28.4235383588887,7.66730372658316,7,150,149,20.5,0,2
"3278",9.36833284816055e-05,28.4235383588887,7.66730372658316,7,150,149,36.5,1,2
"3279",9.36833284816055e-05,28.4235383588887,7.66730372658316,7,150,149,36.5,1,2
"3280",9.36833284816055e-05,28.4235383588887,7.66730372658316,7,150,149,20.5,0,2
"3281",9.36833284816055e-05,28.4235383588887,7.66730372658316,7,150,149,36.5,0,2
"3282",9.36833284816055e-05,28.4235383588887,7.66730372658316,7,150,149,20.5,0,2
"3283",9.36833284816055e-05,28.4235383588887,7.66730372658316,7,150,149,20.5,0,2
"3284",9.36833284816055e-05,28.4235383588887,7.66730372658316,7,150,149,37.5,0,2
"3285",9.36833284816055e-05,28.4235383588887,7.66730372658316,7,150,149,20.5,0,2
"3286",9.36833284816055e-05,28.4235383588887,7.66730372658316,7,150,149,37.5,1,2
"3287",9.36833284816055e-05,28.4235383588887,7.66730372658316,7,150,149,20.5,0,2
"3288",9.36833284816055e-05,28.4235383588887,7.66730372658316,7,150,149,37.5,1,2
"3289",9.36833284816055e-05,28.4235383588887,7.66730372658316,7,150,149,21.5,0,2
"3290",9.36833284816055e-05,28.4235383588887,7.66730372658316,7,150,149,37.5,1,2
"3291",9.36833284816055e-05,28.4235383588887,7.66730372658316,7,150,149,21.5,0,2
"3292",9.36833284816055e-05,28.4235383588887,7.66730372658316,7,150,149,37.5,1,2
"3293",9.36833284816055e-05,28.4235383588887,7.66730372658316,7,150,149,21.5,1,2
"3294",9.36833284816055e-05,28.4235383588887,7.66730372658316,7,150,149,37.5,1,2
"3295",9.36833284816055e-05,28.4235383588887,7.66730372658316,7,150,149,20.5,0,2
"3296",9.36833284816055e-05,28.4235383588887,7.66730372658316,7,150,149,37.5,1,2
"3297",9.36833284816055e-05,28.4235383588887,7.66730372658316,7,150,149,20.5,0,2
"3298",9.36833284816055e-05,28.4235383588887,7.66730372658316,7,150,149,37.5,0,2
"3299",9.36833284816055e-05,28.4235383588887,7.66730372658316,7,150,149,20.5,0,2
"3300",9.36833284816055e-05,28.4235383588887,7.66730372658316,7,150,149,37.5,1,2
"3301",0.00562731017768357,25.9661197764548,8.82447341646646,8,150,149,-0.5,0,2
"3302",0.00562731017768357,25.9661197764548,8.82447341646646,8,150,149,22.5,1,2
"3303",0.00562731017768357,25.9661197764548,8.82447341646646,8,150,149,10.5,0,2
"3304",0.00562731017768357,25.9661197764548,8.82447341646646,8,150,149,18.5,0,2
"3305",0.00562731017768357,25.9661197764548,8.82447341646646,8,150,149,27.5,0,2
"3306",0.00562731017768357,25.9661197764548,8.82447341646646,8,150,149,34.5,1,2
"3307",0.00562731017768357,25.9661197764548,8.82447341646646,8,150,149,33.5,0,2
"3308",0.00562731017768357,25.9661197764548,8.82447341646646,8,150,149,39.5,1,2
"3309",0.00562731017768357,25.9661197764548,8.82447341646646,8,150,149,38.5,1,2
"3310",0.00562731017768357,25.9661197764548,8.82447341646646,8,150,149,21.5,1,2
"3311",0.00562731017768357,25.9661197764548,8.82447341646646,8,150,149,15.5,0,2
"3312",0.00562731017768357,25.9661197764548,8.82447341646646,8,150,149,37.5,1,2
"3313",0.00562731017768357,25.9661197764548,8.82447341646646,8,150,149,14.5,1,2
"3314",0.00562731017768357,25.9661197764548,8.82447341646646,8,150,149,10.5,0,2
"3315",0.00562731017768357,25.9661197764548,8.82447341646646,8,150,149,11.5,0,2
"3316",0.00562731017768357,25.9661197764548,8.82447341646646,8,150,149,36.5,1,2
"3317",0.00562731017768357,25.9661197764548,8.82447341646646,8,150,149,10.5,0,2
"3318",0.00562731017768357,25.9661197764548,8.82447341646646,8,150,149,36.5,0,2
"3319",0.00562731017768357,25.9661197764548,8.82447341646646,8,150,149,39.5,1,2
"3320",0.00562731017768357,25.9661197764548,8.82447341646646,8,150,149,39.5,1,2
"3321",0.00562731017768357,25.9661197764548,8.82447341646646,8,150,149,11.5,0,2
"3322",0.00562731017768357,25.9661197764548,8.82447341646646,8,150,149,39.5,1,2
"3323",0.00562731017768357,25.9661197764548,8.82447341646646,8,150,149,11.5,0,2
"3324",0.00562731017768357,25.9661197764548,8.82447341646646,8,150,149,39.5,1,2
"3325",0.00562731017768357,25.9661197764548,8.82447341646646,8,150,149,11.5,0,2
"3326",0.00562731017768357,25.9661197764548,8.82447341646646,8,150,149,39.5,1,2
"3327",0.00562731017768357,25.9661197764548,8.82447341646646,8,150,149,12.5,0,2
"3328",0.00562731017768357,25.9661197764548,8.82447341646646,8,150,149,38.5,1,2
"3329",0.00562731017768357,25.9661197764548,8.82447341646646,8,150,149,12.5,0,2
"3330",0.00562731017768357,25.9661197764548,8.82447341646646,8,150,149,38.5,1,2
"3331",0.00562731017768357,25.9661197764548,8.82447341646646,8,150,149,13.5,0,2
"3332",0.00562731017768357,25.9661197764548,8.82447341646646,8,150,149,37.5,0,2
"3333",0.00562731017768357,25.9661197764548,8.82447341646646,8,150,149,41.5,1,2
"3334",0.00562731017768357,25.9661197764548,8.82447341646646,8,150,149,13.5,0,2
"3335",0.00562731017768357,25.9661197764548,8.82447341646646,8,150,149,40.5,1,2
"3336",0.00562731017768357,25.9661197764548,8.82447341646646,8,150,149,14.5,1,2
"3337",0.00562731017768357,25.9661197764548,8.82447341646646,8,150,149,10.5,0,2
"3338",0.00562731017768357,25.9661197764548,8.82447341646646,8,150,149,40.5,1,2
"3339",0.00562731017768357,25.9661197764548,8.82447341646646,8,150,149,11.5,0,2
"3340",0.00562731017768357,25.9661197764548,8.82447341646646,8,150,149,39.5,1,2
"3341",0.00562731017768357,25.9661197764548,8.82447341646646,8,150,149,12.5,0,2
"3342",0.00562731017768357,25.9661197764548,8.82447341646646,8,150,149,39.5,1,2
"3343",0.00562731017768357,25.9661197764548,8.82447341646646,8,150,149,12.5,0,2
"3344",0.00562731017768357,25.9661197764548,8.82447341646646,8,150,149,38.5,1,2
"3345",0.00562731017768357,25.9661197764548,8.82447341646646,8,150,149,13.5,0,2
"3346",0.00562731017768357,25.9661197764548,8.82447341646646,8,150,149,38.5,1,2
"3347",0.00562731017768357,25.9661197764548,8.82447341646646,8,150,149,13.5,0,2
"3348",0.00562731017768357,25.9661197764548,8.82447341646646,8,150,149,37.5,1,2
"3349",0.00562731017768357,25.9661197764548,8.82447341646646,8,150,149,14.5,0,2
"3350",0.00562731017768357,25.9661197764548,8.82447341646646,8,150,149,15.5,0,2
"3351",0.00562731017768357,25.9661197764548,8.82447341646646,8,150,149,36.5,1,2
"3352",0.00562731017768357,25.9661197764548,8.82447341646646,8,150,149,15.5,0,2
"3353",0.00562731017768357,25.9661197764548,8.82447341646646,8,150,149,35.5,1,2
"3354",0.00562731017768357,25.9661197764548,8.82447341646646,8,150,149,16.5,1,2
"3355",0.00562731017768357,25.9661197764548,8.82447341646646,8,150,149,36.5,1,2
"3356",0.00562731017768357,25.9661197764548,8.82447341646646,8,150,149,35.5,1,2
"3357",0.00562731017768357,25.9661197764548,8.82447341646646,8,150,149,13.5,0,2
"3358",0.00562731017768357,25.9661197764548,8.82447341646646,8,150,149,34.5,1,2
"3359",0.00562731017768357,25.9661197764548,8.82447341646646,8,150,149,34.5,1,2
"3360",0.00562731017768357,25.9661197764548,8.82447341646646,8,150,149,14.5,0,2
"3361",0.00562731017768357,25.9661197764548,8.82447341646646,8,150,149,33.5,1,2
"3362",0.00562731017768357,25.9661197764548,8.82447341646646,8,150,149,14.5,0,2
"3363",0.00562731017768357,25.9661197764548,8.82447341646646,8,150,149,33.5,0,2
"3364",0.00562731017768357,25.9661197764548,8.82447341646646,8,150,149,14.5,0,2
"3365",0.00562731017768357,25.9661197764548,8.82447341646646,8,150,149,15.5,0,2
"3366",0.00562731017768357,25.9661197764548,8.82447341646646,8,150,149,35.5,1,2
"3367",0.00562731017768357,25.9661197764548,8.82447341646646,8,150,149,15.5,0,2
"3368",0.00562731017768357,25.9661197764548,8.82447341646646,8,150,149,35.5,1,2
"3369",0.00562731017768357,25.9661197764548,8.82447341646646,8,150,149,16.5,0,2
"3370",0.00562731017768357,25.9661197764548,8.82447341646646,8,150,149,34.5,1,2
"3371",0.00562731017768357,25.9661197764548,8.82447341646646,8,150,149,16.5,0,2
"3372",0.00562731017768357,25.9661197764548,8.82447341646646,8,150,149,34.5,1,2
"3373",0.00562731017768357,25.9661197764548,8.82447341646646,8,150,149,16.5,0,2
"3374",0.00562731017768357,25.9661197764548,8.82447341646646,8,150,149,33.5,1,2
"3375",0.00562731017768357,25.9661197764548,8.82447341646646,8,150,149,17.5,1,2
"3376",0.00562731017768357,25.9661197764548,8.82447341646646,8,150,149,33.5,1,2
"3377",0.00562731017768357,25.9661197764548,8.82447341646646,8,150,149,33.5,1,2
"3378",0.00562731017768357,25.9661197764548,8.82447341646646,8,150,149,33.5,1,2
"3379",0.00562731017768357,25.9661197764548,8.82447341646646,8,150,149,15.5,1,2
"3380",0.00562731017768357,25.9661197764548,8.82447341646646,8,150,149,33.5,1,2
"3381",0.00562731017768357,25.9661197764548,8.82447341646646,8,150,149,14.5,0,2
"3382",0.00562731017768357,25.9661197764548,8.82447341646646,8,150,149,33.5,1,2
"3383",0.00562731017768357,25.9661197764548,8.82447341646646,8,150,149,32.5,1,2
"3384",0.00562731017768357,25.9661197764548,8.82447341646646,8,150,149,14.5,0,2
"3385",0.00562731017768357,25.9661197764548,8.82447341646646,8,150,149,32.5,1,2
"3386",0.00562731017768357,25.9661197764548,8.82447341646646,8,150,149,32.5,1,2
"3387",0.00562731017768357,25.9661197764548,8.82447341646646,8,150,149,31.5,1,2
"3388",0.00562731017768357,25.9661197764548,8.82447341646646,8,150,149,31.5,1,2
"3389",0.00562731017768357,25.9661197764548,8.82447341646646,8,150,149,14.5,0,2
"3390",0.00562731017768357,25.9661197764548,8.82447341646646,8,150,149,31.5,1,2
"3391",0.00562731017768357,25.9661197764548,8.82447341646646,8,150,149,30.5,1,2
"3392",0.00562731017768357,25.9661197764548,8.82447341646646,8,150,149,30.5,1,2
"3393",0.00562731017768357,25.9661197764548,8.82447341646646,8,150,149,30.5,1,2
"3394",0.00562731017768357,25.9661197764548,8.82447341646646,8,150,149,29.5,1,2
"3395",0.00562731017768357,25.9661197764548,8.82447341646646,8,150,149,29.5,1,2
"3396",0.00562731017768357,25.9661197764548,8.82447341646646,8,150,149,28.5,1,2
"3397",0.00562731017768357,25.9661197764548,8.82447341646646,8,150,149,28.5,1,2
"3398",0.00562731017768357,25.9661197764548,8.82447341646646,8,150,149,27.5,1,2
"3399",0.00562731017768357,25.9661197764548,8.82447341646646,8,150,149,27.5,1,2
"3400",0.00562731017768357,25.9661197764548,8.82447341646646,8,150,149,26.5,1,2
"3401",0.00562731017768357,25.9661197764548,8.82447341646646,8,150,149,26.5,0,2
"3402",0.00562731017768357,25.9661197764548,8.82447341646646,8,150,149,14.5,0,2
"3403",0.00562731017768357,25.9661197764548,8.82447341646646,8,150,149,29.5,0,2
"3404",0.00562731017768357,25.9661197764548,8.82447341646646,8,150,149,14.5,0,2
"3405",0.00562731017768357,25.9661197764548,8.82447341646646,8,150,149,14.5,0,2
"3406",0.00562731017768357,25.9661197764548,8.82447341646646,8,150,149,14.5,1,2
"3407",0.00562731017768357,25.9661197764548,8.82447341646646,8,150,149,13.5,0,2
"3408",0.00562731017768357,25.9661197764548,8.82447341646646,8,150,149,13.5,0,2
"3409",0.00562731017768357,25.9661197764548,8.82447341646646,8,150,149,14.5,0,2
"3410",0.00562731017768357,25.9661197764548,8.82447341646646,8,150,149,31.5,1,2
"3411",0.00562731017768357,25.9661197764548,8.82447341646646,8,150,149,14.5,1,2
"3412",0.00562731017768357,25.9661197764548,8.82447341646646,8,150,149,13.5,0,2
"3413",0.00562731017768357,25.9661197764548,8.82447341646646,8,150,149,31.5,1,2
"3414",0.00562731017768357,25.9661197764548,8.82447341646646,8,150,149,30.5,0,2
"3415",0.00562731017768357,25.9661197764548,8.82447341646646,8,150,149,13.5,0,2
"3416",0.00562731017768357,25.9661197764548,8.82447341646646,8,150,149,13.5,0,2
"3417",0.00562731017768357,25.9661197764548,8.82447341646646,8,150,149,13.5,0,2
"3418",0.00562731017768357,25.9661197764548,8.82447341646646,8,150,149,31.5,0,2
"3419",0.00562731017768357,25.9661197764548,8.82447341646646,8,150,149,13.5,0,2
"3420",0.00562731017768357,25.9661197764548,8.82447341646646,8,150,149,13.5,1,2
"3421",0.00562731017768357,25.9661197764548,8.82447341646646,8,150,149,13.5,0,2
"3422",0.00562731017768357,25.9661197764548,8.82447341646646,8,150,149,13.5,0,2
"3423",0.00562731017768357,25.9661197764548,8.82447341646646,8,150,149,32.5,1,2
"3424",0.00562731017768357,25.9661197764548,8.82447341646646,8,150,149,13.5,0,2
"3425",0.00562731017768357,25.9661197764548,8.82447341646646,8,150,149,32.5,1,2
"3426",0.00562731017768357,25.9661197764548,8.82447341646646,8,150,149,32.5,0,2
"3427",0.00562731017768357,25.9661197764548,8.82447341646646,8,150,149,13.5,0,2
"3428",0.00562731017768357,25.9661197764548,8.82447341646646,8,150,149,13.5,0,2
"3429",0.00562731017768357,25.9661197764548,8.82447341646646,8,150,149,13.5,0,2
"3430",0.00562731017768357,25.9661197764548,8.82447341646646,8,150,149,33.5,1,2
"3431",0.00562731017768357,25.9661197764548,8.82447341646646,8,150,149,33.5,1,2
"3432",0.00562731017768357,25.9661197764548,8.82447341646646,8,150,149,13.5,0,2
"3433",0.00562731017768357,25.9661197764548,8.82447341646646,8,150,149,32.5,1,2
"3434",0.00562731017768357,25.9661197764548,8.82447341646646,8,150,149,14.5,0,2
"3435",0.00562731017768357,25.9661197764548,8.82447341646646,8,150,149,32.5,1,2
"3436",0.00562731017768357,25.9661197764548,8.82447341646646,8,150,149,32.5,1,2
"3437",0.00562731017768357,25.9661197764548,8.82447341646646,8,150,149,14.5,0,2
"3438",0.00562731017768357,25.9661197764548,8.82447341646646,8,150,149,32.5,0,2
"3439",0.00562731017768357,25.9661197764548,8.82447341646646,8,150,149,14.5,0,2
"3440",0.00562731017768357,25.9661197764548,8.82447341646646,8,150,149,14.5,0,2
"3441",0.00562731017768357,25.9661197764548,8.82447341646646,8,150,149,33.5,1,2
"3442",0.00562731017768357,25.9661197764548,8.82447341646646,8,150,149,14.5,0,2
"3443",0.00562731017768357,25.9661197764548,8.82447341646646,8,150,149,32.5,1,2
"3444",0.00562731017768357,25.9661197764548,8.82447341646646,8,150,149,14.5,0,2
"3445",0.00562731017768357,25.9661197764548,8.82447341646646,8,150,149,32.5,1,2
"3446",0.00562731017768357,25.9661197764548,8.82447341646646,8,150,149,14.5,0,2
"3447",0.00562731017768357,25.9661197764548,8.82447341646646,8,150,149,32.5,1,2
"3448",0.00562731017768357,25.9661197764548,8.82447341646646,8,150,149,32.5,0,2
"3449",0.00562731017768357,25.9661197764548,8.82447341646646,8,150,149,14.5,0,2
"3450",0.00562731017768357,25.9661197764548,8.82447341646646,8,150,149,15.5,0,2
"3451",0.000954624677764872,19.3531445699601,10.6548735075134,9,150,149,-0.5,0,2
"3452",0.000954624677764872,19.3531445699601,10.6548735075134,9,150,149,22.5,0,2
"3453",0.000954624677764872,19.3531445699601,10.6548735075134,9,150,149,34.5,1,2
"3454",0.000954624677764872,19.3531445699601,10.6548735075134,9,150,149,27.5,0,2
"3455",0.000954624677764872,19.3531445699601,10.6548735075134,9,150,149,35.5,1,2
"3456",0.000954624677764872,19.3531445699601,10.6548735075134,9,150,149,30.5,0,2
"3457",0.000954624677764872,19.3531445699601,10.6548735075134,9,150,149,36.5,1,2
"3458",0.000954624677764872,19.3531445699601,10.6548735075134,9,150,149,28.5,1,2
"3459",0.000954624677764872,19.3531445699601,10.6548735075134,9,150,149,21.5,0,2
"3460",0.000954624677764872,19.3531445699601,10.6548735075134,9,150,149,37.5,1,2
"3461",0.000954624677764872,19.3531445699601,10.6548735075134,9,150,149,22.5,1,2
"3462",0.000954624677764872,19.3531445699601,10.6548735075134,9,150,149,16.5,1,2
"3463",0.000954624677764872,19.3531445699601,10.6548735075134,9,150,149,11.5,0,2
"3464",0.000954624677764872,19.3531445699601,10.6548735075134,9,150,149,12.5,1,2
"3465",0.000954624677764872,19.3531445699601,10.6548735075134,9,150,149,8.5,0,2
"3466",0.000954624677764872,19.3531445699601,10.6548735075134,9,150,149,9.5,1,2
"3467",0.000954624677764872,19.3531445699601,10.6548735075134,9,150,149,6.5,0,2
"3468",0.000954624677764872,19.3531445699601,10.6548735075134,9,150,149,6.5,0,2
"3469",0.000954624677764872,19.3531445699601,10.6548735075134,9,150,149,7.5,0,2
"3470",0.000954624677764872,19.3531445699601,10.6548735075134,9,150,149,34.5,1,2
"3471",0.000954624677764872,19.3531445699601,10.6548735075134,9,150,149,34.5,0,2
"3472",0.000954624677764872,19.3531445699601,10.6548735075134,9,150,149,36.5,1,2
"3473",0.000954624677764872,19.3531445699601,10.6548735075134,9,150,149,8.5,1,2
"3474",0.000954624677764872,19.3531445699601,10.6548735075134,9,150,149,6.5,0,2
"3475",0.000954624677764872,19.3531445699601,10.6548735075134,9,150,149,34.5,1,2
"3476",0.000954624677764872,19.3531445699601,10.6548735075134,9,150,149,5.5,0,2
"3477",0.000954624677764872,19.3531445699601,10.6548735075134,9,150,149,35.5,1,2
"3478",0.000954624677764872,19.3531445699601,10.6548735075134,9,150,149,4.5,0,2
"3479",0.000954624677764872,19.3531445699601,10.6548735075134,9,150,149,36.5,1,2
"3480",0.000954624677764872,19.3531445699601,10.6548735075134,9,150,149,4.5,0,2
"3481",0.000954624677764872,19.3531445699601,10.6548735075134,9,150,149,36.5,1,2
"3482",0.000954624677764872,19.3531445699601,10.6548735075134,9,150,149,4.5,0,2
"3483",0.000954624677764872,19.3531445699601,10.6548735075134,9,150,149,36.5,1,2
"3484",0.000954624677764872,19.3531445699601,10.6548735075134,9,150,149,4.5,0,2
"3485",0.000954624677764872,19.3531445699601,10.6548735075134,9,150,149,36.5,1,2
"3486",0.000954624677764872,19.3531445699601,10.6548735075134,9,150,149,4.5,0,2
"3487",0.000954624677764872,19.3531445699601,10.6548735075134,9,150,149,36.5,1,2
"3488",0.000954624677764872,19.3531445699601,10.6548735075134,9,150,149,4.5,0,2
"3489",0.000954624677764872,19.3531445699601,10.6548735075134,9,150,149,35.5,1,2
"3490",0.000954624677764872,19.3531445699601,10.6548735075134,9,150,149,5.5,0,2
"3491",0.000954624677764872,19.3531445699601,10.6548735075134,9,150,149,35.5,1,2
"3492",0.000954624677764872,19.3531445699601,10.6548735075134,9,150,149,5.5,0,2
"3493",0.000954624677764872,19.3531445699601,10.6548735075134,9,150,149,35.5,0,2
"3494",0.000954624677764872,19.3531445699601,10.6548735075134,9,150,149,37.5,1,2
"3495",0.000954624677764872,19.3531445699601,10.6548735075134,9,150,149,5.5,0,2
"3496",0.000954624677764872,19.3531445699601,10.6548735075134,9,150,149,37.5,1,2
"3497",0.000954624677764872,19.3531445699601,10.6548735075134,9,150,149,6.5,0,2
"3498",0.000954624677764872,19.3531445699601,10.6548735075134,9,150,149,6.5,0,2
"3499",0.000954624677764872,19.3531445699601,10.6548735075134,9,150,149,36.5,1,2
"3500",0.000954624677764872,19.3531445699601,10.6548735075134,9,150,149,7.5,0,2
"3501",0.000954624677764872,19.3531445699601,10.6548735075134,9,150,149,36.5,1,2
"3502",0.000954624677764872,19.3531445699601,10.6548735075134,9,150,149,7.5,0,2
"3503",0.000954624677764872,19.3531445699601,10.6548735075134,9,150,149,35.5,1,2
"3504",0.000954624677764872,19.3531445699601,10.6548735075134,9,150,149,8.5,0,2
"3505",0.000954624677764872,19.3531445699601,10.6548735075134,9,150,149,35.5,0,2
"3506",0.000954624677764872,19.3531445699601,10.6548735075134,9,150,149,38.5,1,2
"3507",0.000954624677764872,19.3531445699601,10.6548735075134,9,150,149,8.5,0,2
"3508",0.000954624677764872,19.3531445699601,10.6548735075134,9,150,149,37.5,1,2
"3509",0.000954624677764872,19.3531445699601,10.6548735075134,9,150,149,8.5,0,2
"3510",0.000954624677764872,19.3531445699601,10.6548735075134,9,150,149,37.5,1,2
"3511",0.000954624677764872,19.3531445699601,10.6548735075134,9,150,149,9.5,0,2
"3512",0.000954624677764872,19.3531445699601,10.6548735075134,9,150,149,9.5,1,2
"3513",0.000954624677764872,19.3531445699601,10.6548735075134,9,150,149,37.5,1,2
"3514",0.000954624677764872,19.3531445699601,10.6548735075134,9,150,149,7.5,0,2
"3515",0.000954624677764872,19.3531445699601,10.6548735075134,9,150,149,36.5,1,2
"3516",0.000954624677764872,19.3531445699601,10.6548735075134,9,150,149,7.5,1,2
"3517",0.000954624677764872,19.3531445699601,10.6548735075134,9,150,149,36.5,1,2
"3518",0.000954624677764872,19.3531445699601,10.6548735075134,9,150,149,5.5,0,2
"3519",0.000954624677764872,19.3531445699601,10.6548735075134,9,150,149,36.5,1,2
"3520",0.000954624677764872,19.3531445699601,10.6548735075134,9,150,149,6.5,0,2
"3521",0.000954624677764872,19.3531445699601,10.6548735075134,9,150,149,35.5,1,2
"3522",0.000954624677764872,19.3531445699601,10.6548735075134,9,150,149,6.5,0,2
"3523",0.000954624677764872,19.3531445699601,10.6548735075134,9,150,149,35.5,1,2
"3524",0.000954624677764872,19.3531445699601,10.6548735075134,9,150,149,7.5,0,2
"3525",0.000954624677764872,19.3531445699601,10.6548735075134,9,150,149,34.5,1,2
"3526",0.000954624677764872,19.3531445699601,10.6548735075134,9,150,149,7.5,0,2
"3527",0.000954624677764872,19.3531445699601,10.6548735075134,9,150,149,34.5,1,2
"3528",0.000954624677764872,19.3531445699601,10.6548735075134,9,150,149,7.5,0,2
"3529",0.000954624677764872,19.3531445699601,10.6548735075134,9,150,149,33.5,1,2
"3530",0.000954624677764872,19.3531445699601,10.6548735075134,9,150,149,8.5,0,2
"3531",0.000954624677764872,19.3531445699601,10.6548735075134,9,150,149,33.5,1,2
"3532",0.000954624677764872,19.3531445699601,10.6548735075134,9,150,149,8.5,1,2
"3533",0.000954624677764872,19.3531445699601,10.6548735075134,9,150,149,33.5,1,2
"3534",0.000954624677764872,19.3531445699601,10.6548735075134,9,150,149,6.5,0,2
"3535",0.000954624677764872,19.3531445699601,10.6548735075134,9,150,149,33.5,1,2
"3536",0.000954624677764872,19.3531445699601,10.6548735075134,9,150,149,32.5,0,2
"3537",0.000954624677764872,19.3531445699601,10.6548735075134,9,150,149,7.5,0,2
"3538",0.000954624677764872,19.3531445699601,10.6548735075134,9,150,149,7.5,0,2
"3539",0.000954624677764872,19.3531445699601,10.6548735075134,9,150,149,34.5,1,2
"3540",0.000954624677764872,19.3531445699601,10.6548735075134,9,150,149,7.5,0,2
"3541",0.000954624677764872,19.3531445699601,10.6548735075134,9,150,149,34.5,1,2
"3542",0.000954624677764872,19.3531445699601,10.6548735075134,9,150,149,8.5,0,2
"3543",0.000954624677764872,19.3531445699601,10.6548735075134,9,150,149,33.5,1,2
"3544",0.000954624677764872,19.3531445699601,10.6548735075134,9,150,149,8.5,0,2
"3545",0.000954624677764872,19.3531445699601,10.6548735075134,9,150,149,33.5,1,2
"3546",0.000954624677764872,19.3531445699601,10.6548735075134,9,150,149,8.5,0,2
"3547",0.000954624677764872,19.3531445699601,10.6548735075134,9,150,149,32.5,1,2
"3548",0.000954624677764872,19.3531445699601,10.6548735075134,9,150,149,32.5,0,2
"3549",0.000954624677764872,19.3531445699601,10.6548735075134,9,150,149,8.5,0,2
"3550",0.000954624677764872,19.3531445699601,10.6548735075134,9,150,149,9.5,0,2
"3551",0.000954624677764872,19.3531445699601,10.6548735075134,9,150,149,34.5,1,2
"3552",0.000954624677764872,19.3531445699601,10.6548735075134,9,150,149,9.5,1,2
"3553",0.000954624677764872,19.3531445699601,10.6548735075134,9,150,149,34.5,1,2
"3554",0.000954624677764872,19.3531445699601,10.6548735075134,9,150,149,8.5,0,2
"3555",0.000954624677764872,19.3531445699601,10.6548735075134,9,150,149,33.5,1,2
"3556",0.000954624677764872,19.3531445699601,10.6548735075134,9,150,149,8.5,0,2
"3557",0.000954624677764872,19.3531445699601,10.6548735075134,9,150,149,33.5,1,2
"3558",0.000954624677764872,19.3531445699601,10.6548735075134,9,150,149,8.5,0,2
"3559",0.000954624677764872,19.3531445699601,10.6548735075134,9,150,149,33.5,1,2
"3560",0.000954624677764872,19.3531445699601,10.6548735075134,9,150,149,8.5,0,2
"3561",0.000954624677764872,19.3531445699601,10.6548735075134,9,150,149,32.5,1,2
"3562",0.000954624677764872,19.3531445699601,10.6548735075134,9,150,149,32.5,1,2
"3563",0.000954624677764872,19.3531445699601,10.6548735075134,9,150,149,9.5,1,2
"3564",0.000954624677764872,19.3531445699601,10.6548735075134,9,150,149,32.5,1,2
"3565",0.000954624677764872,19.3531445699601,10.6548735075134,9,150,149,8.5,1,2
"3566",0.000954624677764872,19.3531445699601,10.6548735075134,9,150,149,6.5,0,2
"3567",0.000954624677764872,19.3531445699601,10.6548735075134,9,150,149,32.5,1,2
"3568",0.000954624677764872,19.3531445699601,10.6548735075134,9,150,149,32.5,0,2
"3569",0.000954624677764872,19.3531445699601,10.6548735075134,9,150,149,6.5,0,2
"3570",0.000954624677764872,19.3531445699601,10.6548735075134,9,150,149,7.5,0,2
"3571",0.000954624677764872,19.3531445699601,10.6548735075134,9,150,149,33.5,1,2
"3572",0.000954624677764872,19.3531445699601,10.6548735075134,9,150,149,7.5,0,2
"3573",0.000954624677764872,19.3531445699601,10.6548735075134,9,150,149,33.5,1,2
"3574",0.000954624677764872,19.3531445699601,10.6548735075134,9,150,149,7.5,0,2
"3575",0.000954624677764872,19.3531445699601,10.6548735075134,9,150,149,33.5,1,2
"3576",0.000954624677764872,19.3531445699601,10.6548735075134,9,150,149,32.5,1,2
"3577",0.000954624677764872,19.3531445699601,10.6548735075134,9,150,149,7.5,1,2
"3578",0.000954624677764872,19.3531445699601,10.6548735075134,9,150,149,6.5,0,2
"3579",0.000954624677764872,19.3531445699601,10.6548735075134,9,150,149,32.5,1,2
"3580",0.000954624677764872,19.3531445699601,10.6548735075134,9,150,149,32.5,1,2
"3581",0.000954624677764872,19.3531445699601,10.6548735075134,9,150,149,7.5,0,2
"3582",0.000954624677764872,19.3531445699601,10.6548735075134,9,150,149,32.5,1,2
"3583",0.000954624677764872,19.3531445699601,10.6548735075134,9,150,149,7.5,0,2
"3584",0.000954624677764872,19.3531445699601,10.6548735075134,9,150,149,32.5,1,2
"3585",0.000954624677764872,19.3531445699601,10.6548735075134,9,150,149,7.5,0,2
"3586",0.000954624677764872,19.3531445699601,10.6548735075134,9,150,149,32.5,1,2
"3587",0.000954624677764872,19.3531445699601,10.6548735075134,9,150,149,31.5,1,2
"3588",0.000954624677764872,19.3531445699601,10.6548735075134,9,150,149,7.5,0,2
"3589",0.000954624677764872,19.3531445699601,10.6548735075134,9,150,149,31.5,1,2
"3590",0.000954624677764872,19.3531445699601,10.6548735075134,9,150,149,8.5,1,2
"3591",0.000954624677764872,19.3531445699601,10.6548735075134,9,150,149,31.5,1,2
"3592",0.000954624677764872,19.3531445699601,10.6548735075134,9,150,149,7.5,0,2
"3593",0.000954624677764872,19.3531445699601,10.6548735075134,9,150,149,31.5,0,2
"3594",0.000954624677764872,19.3531445699601,10.6548735075134,9,150,149,7.5,0,2
"3595",0.000954624677764872,19.3531445699601,10.6548735075134,9,150,149,7.5,0,2
"3596",0.000954624677764872,19.3531445699601,10.6548735075134,9,150,149,32.5,1,2
"3597",0.000954624677764872,19.3531445699601,10.6548735075134,9,150,149,7.5,1,2
"3598",0.000954624677764872,19.3531445699601,10.6548735075134,9,150,149,32.5,1,2
"3599",0.000954624677764872,19.3531445699601,10.6548735075134,9,150,149,6.5,0,2
"3600",0.000954624677764872,19.3531445699601,10.6548735075134,9,150,149,32.5,1,2
"3601",0.031341372111425,32.5866913279575,8.68623555282033,10,150,149,-0.5,0,2
"3602",0.031341372111425,32.5866913279575,8.68623555282033,10,150,149,22.5,0,2
"3603",0.031341372111425,32.5866913279575,8.68623555282033,10,150,149,34.5,0,2
"3604",0.031341372111425,32.5866913279575,8.68623555282033,10,150,149,40.5,0,2
"3605",0.031341372111425,32.5866913279575,8.68623555282033,10,150,149,43.5,1,2
"3606",0.031341372111425,32.5866913279575,8.68623555282033,10,150,149,36.5,1,2
"3607",0.031341372111425,32.5866913279575,8.68623555282033,10,150,149,29.5,0,2
"3608",0.031341372111425,32.5866913279575,8.68623555282033,10,150,149,30.5,0,2
"3609",0.031341372111425,32.5866913279575,8.68623555282033,10,150,149,46.5,1,2
"3610",0.031341372111425,32.5866913279575,8.68623555282033,10,150,149,46.5,1,2
"3611",0.031341372111425,32.5866913279575,8.68623555282033,10,150,149,30.5,1,2
"3612",0.031341372111425,32.5866913279575,8.68623555282033,10,150,149,25.5,0,2
"3613",0.031341372111425,32.5866913279575,8.68623555282033,10,150,149,46.5,1,2
"3614",0.031341372111425,32.5866913279575,8.68623555282033,10,150,149,25.5,0,2
"3615",0.031341372111425,32.5866913279575,8.68623555282033,10,150,149,46.5,1,2
"3616",0.031341372111425,32.5866913279575,8.68623555282033,10,150,149,26.5,1,2
"3617",0.031341372111425,32.5866913279575,8.68623555282033,10,150,149,21.5,0,2
"3618",0.031341372111425,32.5866913279575,8.68623555282033,10,150,149,46.5,1,2
"3619",0.031341372111425,32.5866913279575,8.68623555282033,10,150,149,22.5,0,2
"3620",0.031341372111425,32.5866913279575,8.68623555282033,10,150,149,45.5,1,2
"3621",0.031341372111425,32.5866913279575,8.68623555282033,10,150,149,22.5,0,2
"3622",0.031341372111425,32.5866913279575,8.68623555282033,10,150,149,44.5,1,2
"3623",0.031341372111425,32.5866913279575,8.68623555282033,10,150,149,23.5,0,2
"3624",0.031341372111425,32.5866913279575,8.68623555282033,10,150,149,44.5,1,2
"3625",0.031341372111425,32.5866913279575,8.68623555282033,10,150,149,24.5,0,2
"3626",0.031341372111425,32.5866913279575,8.68623555282033,10,150,149,43.5,1,2
"3627",0.031341372111425,32.5866913279575,8.68623555282033,10,150,149,25.5,0,2
"3628",0.031341372111425,32.5866913279575,8.68623555282033,10,150,149,41.5,0,2
"3629",0.031341372111425,32.5866913279575,8.68623555282033,10,150,149,46.5,1,2
"3630",0.031341372111425,32.5866913279575,8.68623555282033,10,150,149,25.5,0,2
"3631",0.031341372111425,32.5866913279575,8.68623555282033,10,150,149,45.5,1,2
"3632",0.031341372111425,32.5866913279575,8.68623555282033,10,150,149,26.5,1,2
"3633",0.031341372111425,32.5866913279575,8.68623555282033,10,150,149,22.5,0,2
"3634",0.031341372111425,32.5866913279575,8.68623555282033,10,150,149,45.5,0,2
"3635",0.031341372111425,32.5866913279575,8.68623555282033,10,150,149,48.5,1,2
"3636",0.031341372111425,32.5866913279575,8.68623555282033,10,150,149,22.5,0,2
"3637",0.031341372111425,32.5866913279575,8.68623555282033,10,150,149,48.5,1,2
"3638",0.031341372111425,32.5866913279575,8.68623555282033,10,150,149,23.5,0,2
"3639",0.031341372111425,32.5866913279575,8.68623555282033,10,150,149,47.5,1,2
"3640",0.031341372111425,32.5866913279575,8.68623555282033,10,150,149,23.5,0,2
"3641",0.031341372111425,32.5866913279575,8.68623555282033,10,150,149,46.5,1,2
"3642",0.031341372111425,32.5866913279575,8.68623555282033,10,150,149,24.5,0,2
"3643",0.031341372111425,32.5866913279575,8.68623555282033,10,150,149,45.5,0,2
"3644",0.031341372111425,32.5866913279575,8.68623555282033,10,150,149,48.5,1,2
"3645",0.031341372111425,32.5866913279575,8.68623555282033,10,150,149,24.5,0,2
"3646",0.031341372111425,32.5866913279575,8.68623555282033,10,150,149,48.5,1,2
"3647",0.031341372111425,32.5866913279575,8.68623555282033,10,150,149,25.5,0,2
"3648",0.031341372111425,32.5866913279575,8.68623555282033,10,150,149,47.5,1,2
"3649",0.031341372111425,32.5866913279575,8.68623555282033,10,150,149,25.5,1,2
"3650",0.031341372111425,32.5866913279575,8.68623555282033,10,150,149,47.5,0,2
"3651",0.031341372111425,32.5866913279575,8.68623555282033,10,150,149,50.5,1,2
"3652",0.031341372111425,32.5866913279575,8.68623555282033,10,150,149,22.5,1,2
"3653",0.031341372111425,32.5866913279575,8.68623555282033,10,150,149,19.5,0,2
"3654",0.031341372111425,32.5866913279575,8.68623555282033,10,150,149,50.5,0,2
"3655",0.031341372111425,32.5866913279575,8.68623555282033,10,150,149,50.5,1,2
"3656",0.031341372111425,32.5866913279575,8.68623555282033,10,150,149,19.5,0,2
"3657",0.031341372111425,32.5866913279575,8.68623555282033,10,150,149,50.5,1,2
"3658",0.031341372111425,32.5866913279575,8.68623555282033,10,150,149,19.5,1,2
"3659",0.031341372111425,32.5866913279575,8.68623555282033,10,150,149,17.5,0,2
"3660",0.031341372111425,32.5866913279575,8.68623555282033,10,150,149,17.5,0,2
"3661",0.031341372111425,32.5866913279575,8.68623555282033,10,150,149,50.5,1,2
"3662",0.031341372111425,32.5866913279575,8.68623555282033,10,150,149,18.5,0,2
"3663",0.031341372111425,32.5866913279575,8.68623555282033,10,150,149,50.5,1,2
"3664",0.031341372111425,32.5866913279575,8.68623555282033,10,150,149,18.5,1,2
"3665",0.031341372111425,32.5866913279575,8.68623555282033,10,150,149,16.5,0,2
"3666",0.031341372111425,32.5866913279575,8.68623555282033,10,150,149,50.5,1,2
"3667",0.031341372111425,32.5866913279575,8.68623555282033,10,150,149,16.5,0,2
"3668",0.031341372111425,32.5866913279575,8.68623555282033,10,150,149,50.5,1,2
"3669",0.031341372111425,32.5866913279575,8.68623555282033,10,150,149,17.5,0,2
"3670",0.031341372111425,32.5866913279575,8.68623555282033,10,150,149,50.5,1,2
"3671",0.031341372111425,32.5866913279575,8.68623555282033,10,150,149,17.5,0,2
"3672",0.031341372111425,32.5866913279575,8.68623555282033,10,150,149,50.5,1,2
"3673",0.031341372111425,32.5866913279575,8.68623555282033,10,150,149,18.5,0,2
"3674",0.031341372111425,32.5866913279575,8.68623555282033,10,150,149,50.5,1,2
"3675",0.031341372111425,32.5866913279575,8.68623555282033,10,150,149,18.5,0,2
"3676",0.031341372111425,32.5866913279575,8.68623555282033,10,150,149,50.5,1,2
"3677",0.031341372111425,32.5866913279575,8.68623555282033,10,150,149,18.5,0,2
"3678",0.031341372111425,32.5866913279575,8.68623555282033,10,150,149,49.5,1,2
"3679",0.031341372111425,32.5866913279575,8.68623555282033,10,150,149,19.5,0,2
"3680",0.031341372111425,32.5866913279575,8.68623555282033,10,150,149,49.5,1,2
"3681",0.031341372111425,32.5866913279575,8.68623555282033,10,150,149,19.5,1,2
"3682",0.031341372111425,32.5866913279575,8.68623555282033,10,150,149,17.5,0,2
"3683",0.031341372111425,32.5866913279575,8.68623555282033,10,150,149,49.5,1,2
"3684",0.031341372111425,32.5866913279575,8.68623555282033,10,150,149,18.5,1,2
"3685",0.031341372111425,32.5866913279575,8.68623555282033,10,150,149,16.5,0,2
"3686",0.031341372111425,32.5866913279575,8.68623555282033,10,150,149,49.5,1,2
"3687",0.031341372111425,32.5866913279575,8.68623555282033,10,150,149,16.5,0,2
"3688",0.031341372111425,32.5866913279575,8.68623555282033,10,150,149,49.5,1,2
"3689",0.031341372111425,32.5866913279575,8.68623555282033,10,150,149,17.5,0,2
"3690",0.031341372111425,32.5866913279575,8.68623555282033,10,150,149,49.5,0,2
"3691",0.031341372111425,32.5866913279575,8.68623555282033,10,150,149,50.5,1,2
"3692",0.031341372111425,32.5866913279575,8.68623555282033,10,150,149,16.5,0,2
"3693",0.031341372111425,32.5866913279575,8.68623555282033,10,150,149,50.5,1,2
"3694",0.031341372111425,32.5866913279575,8.68623555282033,10,150,149,17.5,0,2
"3695",0.031341372111425,32.5866913279575,8.68623555282033,10,150,149,50.5,1,2
"3696",0.031341372111425,32.5866913279575,8.68623555282033,10,150,149,17.5,0,2
"3697",0.031341372111425,32.5866913279575,8.68623555282033,10,150,149,49.5,1,2
"3698",0.031341372111425,32.5866913279575,8.68623555282033,10,150,149,18.5,0,2
"3699",0.031341372111425,32.5866913279575,8.68623555282033,10,150,149,49.5,1,2
"3700",0.031341372111425,32.5866913279575,8.68623555282033,10,150,149,18.5,0,2
"3701",0.031341372111425,32.5866913279575,8.68623555282033,10,150,149,49.5,1,2
"3702",0.031341372111425,32.5866913279575,8.68623555282033,10,150,149,18.5,0,2
"3703",0.031341372111425,32.5866913279575,8.68623555282033,10,150,149,48.5,1,2
"3704",0.031341372111425,32.5866913279575,8.68623555282033,10,150,149,19.5,0,2
"3705",0.031341372111425,32.5866913279575,8.68623555282033,10,150,149,48.5,1,2
"3706",0.031341372111425,32.5866913279575,8.68623555282033,10,150,149,19.5,0,2
"3707",0.031341372111425,32.5866913279575,8.68623555282033,10,150,149,47.5,1,2
"3708",0.031341372111425,32.5866913279575,8.68623555282033,10,150,149,19.5,0,2
"3709",0.031341372111425,32.5866913279575,8.68623555282033,10,150,149,47.5,0,2
"3710",0.031341372111425,32.5866913279575,8.68623555282033,10,150,149,19.5,1,2
"3711",0.031341372111425,32.5866913279575,8.68623555282033,10,150,149,49.5,1,2
"3712",0.031341372111425,32.5866913279575,8.68623555282033,10,150,149,18.5,0,2
"3713",0.031341372111425,32.5866913279575,8.68623555282033,10,150,149,49.5,1,2
"3714",0.031341372111425,32.5866913279575,8.68623555282033,10,150,149,18.5,0,2
"3715",0.031341372111425,32.5866913279575,8.68623555282033,10,150,149,48.5,1,2
"3716",0.031341372111425,32.5866913279575,8.68623555282033,10,150,149,19.5,1,2
"3717",0.031341372111425,32.5866913279575,8.68623555282033,10,150,149,17.5,0,2
"3718",0.031341372111425,32.5866913279575,8.68623555282033,10,150,149,48.5,1,2
"3719",0.031341372111425,32.5866913279575,8.68623555282033,10,150,149,17.5,0,2
"3720",0.031341372111425,32.5866913279575,8.68623555282033,10,150,149,48.5,1,2
"3721",0.031341372111425,32.5866913279575,8.68623555282033,10,150,149,18.5,0,2
"3722",0.031341372111425,32.5866913279575,8.68623555282033,10,150,149,48.5,1,2
"3723",0.031341372111425,32.5866913279575,8.68623555282033,10,150,149,48.5,0,2
"3724",0.031341372111425,32.5866913279575,8.68623555282033,10,150,149,18.5,0,2
"3725",0.031341372111425,32.5866913279575,8.68623555282033,10,150,149,49.5,1,2
"3726",0.031341372111425,32.5866913279575,8.68623555282033,10,150,149,18.5,0,2
"3727",0.031341372111425,32.5866913279575,8.68623555282033,10,150,149,49.5,1,2
"3728",0.031341372111425,32.5866913279575,8.68623555282033,10,150,149,18.5,0,2
"3729",0.031341372111425,32.5866913279575,8.68623555282033,10,150,149,48.5,1,2
"3730",0.031341372111425,32.5866913279575,8.68623555282033,10,150,149,19.5,0,2
"3731",0.031341372111425,32.5866913279575,8.68623555282033,10,150,149,48.5,0,2
"3732",0.031341372111425,32.5866913279575,8.68623555282033,10,150,149,18.5,1,2
"3733",0.031341372111425,32.5866913279575,8.68623555282033,10,150,149,50.5,1,2
"3734",0.031341372111425,32.5866913279575,8.68623555282033,10,150,149,17.5,0,2
"3735",0.031341372111425,32.5866913279575,8.68623555282033,10,150,149,49.5,1,2
"3736",0.031341372111425,32.5866913279575,8.68623555282033,10,150,149,17.5,0,2
"3737",0.031341372111425,32.5866913279575,8.68623555282033,10,150,149,49.5,0,2
"3738",0.031341372111425,32.5866913279575,8.68623555282033,10,150,149,17.5,1,2
"3739",0.031341372111425,32.5866913279575,8.68623555282033,10,150,149,16.5,0,2
"3740",0.031341372111425,32.5866913279575,8.68623555282033,10,150,149,50.5,1,2
"3741",0.031341372111425,32.5866913279575,8.68623555282033,10,150,149,50.5,1,2
"3742",0.031341372111425,32.5866913279575,8.68623555282033,10,150,149,16.5,0,2
"3743",0.031341372111425,32.5866913279575,8.68623555282033,10,150,149,50.5,1,2
"3744",0.031341372111425,32.5866913279575,8.68623555282033,10,150,149,17.5,0,2
"3745",0.031341372111425,32.5866913279575,8.68623555282033,10,150,149,50.5,1,2
"3746",0.031341372111425,32.5866913279575,8.68623555282033,10,150,149,17.5,1,2
"3747",0.031341372111425,32.5866913279575,8.68623555282033,10,150,149,16.5,0,2
"3748",0.031341372111425,32.5866913279575,8.68623555282033,10,150,149,50.5,1,2
"3749",0.031341372111425,32.5866913279575,8.68623555282033,10,150,149,16.5,0,2
"3750",0.031341372111425,32.5866913279575,8.68623555282033,10,150,149,50.5,1,2
"3751",0.000709748845127721,12.0017329226389,11.484416488645,11,150,149,-0.5,0,2
"3752",0.000709748845127721,12.0017329226389,11.484416488645,11,150,149,22.5,1,2
"3753",0.000709748845127721,12.0017329226389,11.484416488645,11,150,149,10.5,0,2
"3754",0.000709748845127721,12.0017329226389,11.484416488645,11,150,149,18.5,1,2
"3755",0.000709748845127721,12.0017329226389,11.484416488645,11,150,149,13.5,0,2
"3756",0.000709748845127721,12.0017329226389,11.484416488645,11,150,149,20.5,1,2
"3757",0.000709748845127721,12.0017329226389,11.484416488645,11,150,149,12.5,1,2
"3758",0.000709748845127721,12.0017329226389,11.484416488645,11,150,149,5.5,0,2
"3759",0.000709748845127721,12.0017329226389,11.484416488645,11,150,149,6.5,1,2
"3760",0.000709748845127721,12.0017329226389,11.484416488645,11,150,149,0.5,0,2
"3761",0.000709748845127721,12.0017329226389,11.484416488645,11,150,149,20.5,1,2
"3762",0.000709748845127721,12.0017329226389,11.484416488645,11,150,149,0.5,0,2
"3763",0.000709748845127721,12.0017329226389,11.484416488645,11,150,149,1.5,0,2
"3764",0.000709748845127721,12.0017329226389,11.484416488645,11,150,149,20.5,1,2
"3765",0.000709748845127721,12.0017329226389,11.484416488645,11,150,149,2.5,0,2
"3766",0.000709748845127721,12.0017329226389,11.484416488645,11,150,149,19.5,1,2
"3767",0.000709748845127721,12.0017329226389,11.484416488645,11,150,149,3.5,0,2
"3768",0.000709748845127721,12.0017329226389,11.484416488645,11,150,149,18.5,1,2
"3769",0.000709748845127721,12.0017329226389,11.484416488645,11,150,149,4.5,1,2
"3770",0.000709748845127721,12.0017329226389,11.484416488645,11,150,149,-0.5,0,2
"3771",0.000709748845127721,12.0017329226389,11.484416488645,11,150,149,18.5,0,2
"3772",0.000709748845127721,12.0017329226389,11.484416488645,11,150,149,23.5,0,2
"3773",0.000709748845127721,12.0017329226389,11.484416488645,11,150,149,27.5,1,2
"3774",0.000709748845127721,12.0017329226389,11.484416488645,11,150,149,26.5,1,2
"3775",0.000709748845127721,12.0017329226389,11.484416488645,11,150,149,-1.5,0,2
"3776",0.000709748845127721,12.0017329226389,11.484416488645,11,150,149,26.5,1,2
"3777",0.000709748845127721,12.0017329226389,11.484416488645,11,150,149,-0.5,0,2
"3778",0.000709748845127721,12.0017329226389,11.484416488645,11,150,149,25.5,1,2
"3779",0.000709748845127721,12.0017329226389,11.484416488645,11,150,149,-0.5,0,2
"3780",0.000709748845127721,12.0017329226389,11.484416488645,11,150,149,24.5,1,2
"3781",0.000709748845127721,12.0017329226389,11.484416488645,11,150,149,0.5,0,2
"3782",0.000709748845127721,12.0017329226389,11.484416488645,11,150,149,24.5,1,2
"3783",0.000709748845127721,12.0017329226389,11.484416488645,11,150,149,1.5,1,2
"3784",0.000709748845127721,12.0017329226389,11.484416488645,11,150,149,-2.5,0,2
"3785",0.000709748845127721,12.0017329226389,11.484416488645,11,150,149,24.5,1,2
"3786",0.000709748845127721,12.0017329226389,11.484416488645,11,150,149,-1.5,0,2
"3787",0.000709748845127721,12.0017329226389,11.484416488645,11,150,149,23.5,1,2
"3788",0.000709748845127721,12.0017329226389,11.484416488645,11,150,149,-0.5,0,2
"3789",0.000709748845127721,12.0017329226389,11.484416488645,11,150,149,22.5,1,2
"3790",0.000709748845127721,12.0017329226389,11.484416488645,11,150,149,22.5,0,2
"3791",0.000709748845127721,12.0017329226389,11.484416488645,11,150,149,-0.5,1,2
"3792",0.000709748845127721,12.0017329226389,11.484416488645,11,150,149,-3.5,0,2
"3793",0.000709748845127721,12.0017329226389,11.484416488645,11,150,149,26.5,0,2
"3794",0.000709748845127721,12.0017329226389,11.484416488645,11,150,149,28.5,1,2
"3795",0.000709748845127721,12.0017329226389,11.484416488645,11,150,149,-4.5,0,2
"3796",0.000709748845127721,12.0017329226389,11.484416488645,11,150,149,28.5,1,2
"3797",0.000709748845127721,12.0017329226389,11.484416488645,11,150,149,-3.5,0,2
"3798",0.000709748845127721,12.0017329226389,11.484416488645,11,150,149,28.5,1,2
"3799",0.000709748845127721,12.0017329226389,11.484416488645,11,150,149,-3.5,0,2
"3800",0.000709748845127721,12.0017329226389,11.484416488645,11,150,149,27.5,1,2
"3801",0.000709748845127721,12.0017329226389,11.484416488645,11,150,149,-2.5,0,2
"3802",0.000709748845127721,12.0017329226389,11.484416488645,11,150,149,27.5,1,2
"3803",0.000709748845127721,12.0017329226389,11.484416488645,11,150,149,-2.5,0,2
"3804",0.000709748845127721,12.0017329226389,11.484416488645,11,150,149,26.5,1,2
"3805",0.000709748845127721,12.0017329226389,11.484416488645,11,150,149,-1.5,0,2
"3806",0.000709748845127721,12.0017329226389,11.484416488645,11,150,149,25.5,1,2
"3807",0.000709748845127721,12.0017329226389,11.484416488645,11,150,149,-0.5,0,2
"3808",0.000709748845127721,12.0017329226389,11.484416488645,11,150,149,25.5,0,2
"3809",0.000709748845127721,12.0017329226389,11.484416488645,11,150,149,27.5,1,2
"3810",0.000709748845127721,12.0017329226389,11.484416488645,11,150,149,-1.5,1,2
"3811",0.000709748845127721,12.0017329226389,11.484416488645,11,150,149,-3.5,0,2
"3812",0.000709748845127721,12.0017329226389,11.484416488645,11,150,149,28.5,1,2
"3813",0.000709748845127721,12.0017329226389,11.484416488645,11,150,149,-3.5,0,2
"3814",0.000709748845127721,12.0017329226389,11.484416488645,11,150,149,27.5,1,2
"3815",0.000709748845127721,12.0017329226389,11.484416488645,11,150,149,-2.5,0,2
"3816",0.000709748845127721,12.0017329226389,11.484416488645,11,150,149,27.5,1,2
"3817",0.000709748845127721,12.0017329226389,11.484416488645,11,150,149,-2.5,0,2
"3818",0.000709748845127721,12.0017329226389,11.484416488645,11,150,149,26.5,1,2
"3819",0.000709748845127721,12.0017329226389,11.484416488645,11,150,149,-1.5,0,2
"3820",0.000709748845127721,12.0017329226389,11.484416488645,11,150,149,26.5,1,2
"3821",0.000709748845127721,12.0017329226389,11.484416488645,11,150,149,-1.5,1,2
"3822",0.000709748845127721,12.0017329226389,11.484416488645,11,150,149,-3.5,0,2
"3823",0.000709748845127721,12.0017329226389,11.484416488645,11,150,149,26.5,1,2
"3824",0.000709748845127721,12.0017329226389,11.484416488645,11,150,149,25.5,1,2
"3825",0.000709748845127721,12.0017329226389,11.484416488645,11,150,149,-2.5,0,2
"3826",0.000709748845127721,12.0017329226389,11.484416488645,11,150,149,25.5,0,2
"3827",0.000709748845127721,12.0017329226389,11.484416488645,11,150,149,-2.5,0,2
"3828",0.000709748845127721,12.0017329226389,11.484416488645,11,150,149,27.5,1,2
"3829",0.000709748845127721,12.0017329226389,11.484416488645,11,150,149,-2.5,0,2
"3830",0.000709748845127721,12.0017329226389,11.484416488645,11,150,149,26.5,1,2
"3831",0.000709748845127721,12.0017329226389,11.484416488645,11,150,149,-2.5,0,2
"3832",0.000709748845127721,12.0017329226389,11.484416488645,11,150,149,26.5,1,2
"3833",0.000709748845127721,12.0017329226389,11.484416488645,11,150,149,-1.5,0,2
"3834",0.000709748845127721,12.0017329226389,11.484416488645,11,150,149,25.5,0,2
"3835",0.000709748845127721,12.0017329226389,11.484416488645,11,150,149,27.5,1,2
"3836",0.000709748845127721,12.0017329226389,11.484416488645,11,150,149,-1.5,0,2
"3837",0.000709748845127721,12.0017329226389,11.484416488645,11,150,149,27.5,1,2
"3838",0.000709748845127721,12.0017329226389,11.484416488645,11,150,149,-1.5,0,2
"3839",0.000709748845127721,12.0017329226389,11.484416488645,11,150,149,26.5,1,2
"3840",0.000709748845127721,12.0017329226389,11.484416488645,11,150,149,-0.5,0,2
"3841",0.000709748845127721,12.0017329226389,11.484416488645,11,150,149,-0.5,0,2
"3842",0.000709748845127721,12.0017329226389,11.484416488645,11,150,149,26.5,1,2
"3843",0.000709748845127721,12.0017329226389,11.484416488645,11,150,149,-0.5,0,2
"3844",0.000709748845127721,12.0017329226389,11.484416488645,11,150,149,26.5,1,2
"3845",0.000709748845127721,12.0017329226389,11.484416488645,11,150,149,0.5,0,2
"3846",0.000709748845127721,12.0017329226389,11.484416488645,11,150,149,25.5,1,2
"3847",0.000709748845127721,12.0017329226389,11.484416488645,11,150,149,0.5,0,2
"3848",0.000709748845127721,12.0017329226389,11.484416488645,11,150,149,25.5,1,2
"3849",0.000709748845127721,12.0017329226389,11.484416488645,11,150,149,0.5,0,2
"3850",0.000709748845127721,12.0017329226389,11.484416488645,11,150,149,25.5,1,2
"3851",0.000709748845127721,12.0017329226389,11.484416488645,11,150,149,1.5,0,2
"3852",0.000709748845127721,12.0017329226389,11.484416488645,11,150,149,1.5,0,2
"3853",0.000709748845127721,12.0017329226389,11.484416488645,11,150,149,24.5,1,2
"3854",0.000709748845127721,12.0017329226389,11.484416488645,11,150,149,1.5,0,2
"3855",0.000709748845127721,12.0017329226389,11.484416488645,11,150,149,24.5,1,2
"3856",0.000709748845127721,12.0017329226389,11.484416488645,11,150,149,2.5,0,2
"3857",0.000709748845127721,12.0017329226389,11.484416488645,11,150,149,24.5,1,2
"3858",0.000709748845127721,12.0017329226389,11.484416488645,11,150,149,2.5,0,2
"3859",0.000709748845127721,12.0017329226389,11.484416488645,11,150,149,2.5,0,2
"3860",0.000709748845127721,12.0017329226389,11.484416488645,11,150,149,23.5,1,2
"3861",0.000709748845127721,12.0017329226389,11.484416488645,11,150,149,2.5,0,2
"3862",0.000709748845127721,12.0017329226389,11.484416488645,11,150,149,23.5,1,2
"3863",0.000709748845127721,12.0017329226389,11.484416488645,11,150,149,3.5,0,2
"3864",0.000709748845127721,12.0017329226389,11.484416488645,11,150,149,3.5,0,2
"3865",0.000709748845127721,12.0017329226389,11.484416488645,11,150,149,23.5,0,2
"3866",0.000709748845127721,12.0017329226389,11.484416488645,11,150,149,3.5,0,2
"3867",0.000709748845127721,12.0017329226389,11.484416488645,11,150,149,3.5,0,2
"3868",0.000709748845127721,12.0017329226389,11.484416488645,11,150,149,24.5,1,2
"3869",0.000709748845127721,12.0017329226389,11.484416488645,11,150,149,3.5,0,2
"3870",0.000709748845127721,12.0017329226389,11.484416488645,11,150,149,24.5,1,2
"3871",0.000709748845127721,12.0017329226389,11.484416488645,11,150,149,3.5,0,2
"3872",0.000709748845127721,12.0017329226389,11.484416488645,11,150,149,4.5,0,2
"3873",0.000709748845127721,12.0017329226389,11.484416488645,11,150,149,4.5,1,2
"3874",0.000709748845127721,12.0017329226389,11.484416488645,11,150,149,24.5,1,2
"3875",0.000709748845127721,12.0017329226389,11.484416488645,11,150,149,23.5,1,2
"3876",0.000709748845127721,12.0017329226389,11.484416488645,11,150,149,23.5,1,2
"3877",0.000709748845127721,12.0017329226389,11.484416488645,11,150,149,23.5,1,2
"3878",0.000709748845127721,12.0017329226389,11.484416488645,11,150,149,3.5,0,2
"3879",0.000709748845127721,12.0017329226389,11.484416488645,11,150,149,23.5,1,2
"3880",0.000709748845127721,12.0017329226389,11.484416488645,11,150,149,3.5,0,2
"3881",0.000709748845127721,12.0017329226389,11.484416488645,11,150,149,3.5,0,2
"3882",0.000709748845127721,12.0017329226389,11.484416488645,11,150,149,23.5,0,2
"3883",0.000709748845127721,12.0017329226389,11.484416488645,11,150,149,3.5,0,2
"3884",0.000709748845127721,12.0017329226389,11.484416488645,11,150,149,3.5,0,2
"3885",0.000709748845127721,12.0017329226389,11.484416488645,11,150,149,24.5,1,2
"3886",0.000709748845127721,12.0017329226389,11.484416488645,11,150,149,4.5,0,2
"3887",0.000709748845127721,12.0017329226389,11.484416488645,11,150,149,4.5,1,2
"3888",0.000709748845127721,12.0017329226389,11.484416488645,11,150,149,24.5,0,2
"3889",0.000709748845127721,12.0017329226389,11.484416488645,11,150,149,24.5,1,2
"3890",0.000709748845127721,12.0017329226389,11.484416488645,11,150,149,24.5,0,2
"3891",0.000709748845127721,12.0017329226389,11.484416488645,11,150,149,25.5,1,2
"3892",0.000709748845127721,12.0017329226389,11.484416488645,11,150,149,2.5,1,2
"3893",0.000709748845127721,12.0017329226389,11.484416488645,11,150,149,25.5,0,2
"3894",0.000709748845127721,12.0017329226389,11.484416488645,11,150,149,26.5,1,2
"3895",0.000709748845127721,12.0017329226389,11.484416488645,11,150,149,26.5,1,2
"3896",0.000709748845127721,12.0017329226389,11.484416488645,11,150,149,1.5,0,2
"3897",0.000709748845127721,12.0017329226389,11.484416488645,11,150,149,26.5,1,2
"3898",0.000709748845127721,12.0017329226389,11.484416488645,11,150,149,2.5,0,2
"3899",0.000709748845127721,12.0017329226389,11.484416488645,11,150,149,2.5,0,2
"3900",0.000709748845127721,12.0017329226389,11.484416488645,11,150,149,26.5,1,2
"3901",0.00367532403807562,22.3411244041655,9.17555877248698,12,150,149,-0.5,0,2
"3902",0.00367532403807562,22.3411244041655,9.17555877248698,12,150,149,22.5,0,2
"3903",0.00367532403807562,22.3411244041655,9.17555877248698,12,150,149,34.5,1,2
"3904",0.00367532403807562,22.3411244041655,9.17555877248698,12,150,149,27.5,1,2
"3905",0.00367532403807562,22.3411244041655,9.17555877248698,12,150,149,19.5,0,2
"3906",0.00367532403807562,22.3411244041655,9.17555877248698,12,150,149,29.5,0,2
"3907",0.00367532403807562,22.3411244041655,9.17555877248698,12,150,149,36.5,1,2
"3908",0.00367532403807562,22.3411244041655,9.17555877248698,12,150,149,35.5,1,2
"3909",0.00367532403807562,22.3411244041655,9.17555877248698,12,150,149,20.5,0,2
"3910",0.00367532403807562,22.3411244041655,9.17555877248698,12,150,149,35.5,1,2
"3911",0.00367532403807562,22.3411244041655,9.17555877248698,12,150,149,21.5,1,2
"3912",0.00367532403807562,22.3411244041655,9.17555877248698,12,150,149,15.5,0,2
"3913",0.00367532403807562,22.3411244041655,9.17555877248698,12,150,149,16.5,0,2
"3914",0.00367532403807562,22.3411244041655,9.17555877248698,12,150,149,35.5,1,2
"3915",0.00367532403807562,22.3411244041655,9.17555877248698,12,150,149,16.5,0,2
"3916",0.00367532403807562,22.3411244041655,9.17555877248698,12,150,149,34.5,1,2
"3917",0.00367532403807562,22.3411244041655,9.17555877248698,12,150,149,17.5,0,2
"3918",0.00367532403807562,22.3411244041655,9.17555877248698,12,150,149,32.5,1,2
"3919",0.00367532403807562,22.3411244041655,9.17555877248698,12,150,149,18.5,0,2
"3920",0.00367532403807562,22.3411244041655,9.17555877248698,12,150,149,30.5,1,2
"3921",0.00367532403807562,22.3411244041655,9.17555877248698,12,150,149,25.5,1,2
"3922",0.00367532403807562,22.3411244041655,9.17555877248698,12,150,149,18.5,0,2
"3923",0.00367532403807562,22.3411244041655,9.17555877248698,12,150,149,27.5,0,2
"3924",0.00367532403807562,22.3411244041655,9.17555877248698,12,150,149,32.5,1,2
"3925",0.00367532403807562,22.3411244041655,9.17555877248698,12,150,149,19.5,1,2
"3926",0.00367532403807562,22.3411244041655,9.17555877248698,12,150,149,15.5,0,2
"3927",0.00367532403807562,22.3411244041655,9.17555877248698,12,150,149,33.5,1,2
"3928",0.00367532403807562,22.3411244041655,9.17555877248698,12,150,149,16.5,0,2
"3929",0.00367532403807562,22.3411244041655,9.17555877248698,12,150,149,32.5,1,2
"3930",0.00367532403807562,22.3411244041655,9.17555877248698,12,150,149,17.5,1,2
"3931",0.00367532403807562,22.3411244041655,9.17555877248698,12,150,149,14.5,1,2
"3932",0.00367532403807562,22.3411244041655,9.17555877248698,12,150,149,10.5,0,2
"3933",0.00367532403807562,22.3411244041655,9.17555877248698,12,150,149,11.5,0,2
"3934",0.00367532403807562,22.3411244041655,9.17555877248698,12,150,149,11.5,0,2
"3935",0.00367532403807562,22.3411244041655,9.17555877248698,12,150,149,33.5,1,2
"3936",0.00367532403807562,22.3411244041655,9.17555877248698,12,150,149,12.5,1,2
"3937",0.00367532403807562,22.3411244041655,9.17555877248698,12,150,149,9.5,0,2
"3938",0.00367532403807562,22.3411244041655,9.17555877248698,12,150,149,9.5,0,2
"3939",0.00367532403807562,22.3411244041655,9.17555877248698,12,150,149,34.5,1,2
"3940",0.00367532403807562,22.3411244041655,9.17555877248698,12,150,149,10.5,0,2
"3941",0.00367532403807562,22.3411244041655,9.17555877248698,12,150,149,33.5,1,2
"3942",0.00367532403807562,22.3411244041655,9.17555877248698,12,150,149,10.5,0,2
"3943",0.00367532403807562,22.3411244041655,9.17555877248698,12,150,149,32.5,1,2
"3944",0.00367532403807562,22.3411244041655,9.17555877248698,12,150,149,32.5,1,2
"3945",0.00367532403807562,22.3411244041655,9.17555877248698,12,150,149,11.5,0,2
"3946",0.00367532403807562,22.3411244041655,9.17555877248698,12,150,149,31.5,1,2
"3947",0.00367532403807562,22.3411244041655,9.17555877248698,12,150,149,12.5,0,2
"3948",0.00367532403807562,22.3411244041655,9.17555877248698,12,150,149,31.5,0,2
"3949",0.00367532403807562,22.3411244041655,9.17555877248698,12,150,149,11.5,0,2
"3950",0.00367532403807562,22.3411244041655,9.17555877248698,12,150,149,33.5,0,2
"3951",0.00367532403807562,22.3411244041655,9.17555877248698,12,150,149,36.5,1,2
"3952",0.00367532403807562,22.3411244041655,9.17555877248698,12,150,149,35.5,1,2
"3953",0.00367532403807562,22.3411244041655,9.17555877248698,12,150,149,11.5,0,2
"3954",0.00367532403807562,22.3411244041655,9.17555877248698,12,150,149,35.5,1,2
"3955",0.00367532403807562,22.3411244041655,9.17555877248698,12,150,149,12.5,1,2
"3956",0.00367532403807562,22.3411244041655,9.17555877248698,12,150,149,9.5,0,2
"3957",0.00367532403807562,22.3411244041655,9.17555877248698,12,150,149,35.5,1,2
"3958",0.00367532403807562,22.3411244041655,9.17555877248698,12,150,149,10.5,0,2
"3959",0.00367532403807562,22.3411244041655,9.17555877248698,12,150,149,34.5,1,2
"3960",0.00367532403807562,22.3411244041655,9.17555877248698,12,150,149,11.5,0,2
"3961",0.00367532403807562,22.3411244041655,9.17555877248698,12,150,149,34.5,1,2
"3962",0.00367532403807562,22.3411244041655,9.17555877248698,12,150,149,11.5,0,2
"3963",0.00367532403807562,22.3411244041655,9.17555877248698,12,150,149,33.5,1,2
"3964",0.00367532403807562,22.3411244041655,9.17555877248698,12,150,149,12.5,0,2
"3965",0.00367532403807562,22.3411244041655,9.17555877248698,12,150,149,33.5,0,2
"3966",0.00367532403807562,22.3411244041655,9.17555877248698,12,150,149,11.5,0,2
"3967",0.00367532403807562,22.3411244041655,9.17555877248698,12,150,149,35.5,1,2
"3968",0.00367532403807562,22.3411244041655,9.17555877248698,12,150,149,12.5,0,2
"3969",0.00367532403807562,22.3411244041655,9.17555877248698,12,150,149,34.5,1,2
"3970",0.00367532403807562,22.3411244041655,9.17555877248698,12,150,149,12.5,0,2
"3971",0.00367532403807562,22.3411244041655,9.17555877248698,12,150,149,34.5,1,2
"3972",0.00367532403807562,22.3411244041655,9.17555877248698,12,150,149,13.5,0,2
"3973",0.00367532403807562,22.3411244041655,9.17555877248698,12,150,149,33.5,1,2
"3974",0.00367532403807562,22.3411244041655,9.17555877248698,12,150,149,13.5,0,2
"3975",0.00367532403807562,22.3411244041655,9.17555877248698,12,150,149,33.5,1,2
"3976",0.00367532403807562,22.3411244041655,9.17555877248698,12,150,149,13.5,0,2
"3977",0.00367532403807562,22.3411244041655,9.17555877248698,12,150,149,32.5,1,2
"3978",0.00367532403807562,22.3411244041655,9.17555877248698,12,150,149,14.5,0,2
"3979",0.00367532403807562,22.3411244041655,9.17555877248698,12,150,149,32.5,1,2
"3980",0.00367532403807562,22.3411244041655,9.17555877248698,12,150,149,14.5,1,2
"3981",0.00367532403807562,22.3411244041655,9.17555877248698,12,150,149,32.5,1,2
"3982",0.00367532403807562,22.3411244041655,9.17555877248698,12,150,149,13.5,0,2
"3983",0.00367532403807562,22.3411244041655,9.17555877248698,12,150,149,32.5,1,2
"3984",0.00367532403807562,22.3411244041655,9.17555877248698,12,150,149,13.5,1,2
"3985",0.00367532403807562,22.3411244041655,9.17555877248698,12,150,149,32.5,1,2
"3986",0.00367532403807562,22.3411244041655,9.17555877248698,12,150,149,12.5,1,2
"3987",0.00367532403807562,22.3411244041655,9.17555877248698,12,150,149,10.5,0,2
"3988",0.00367532403807562,22.3411244041655,9.17555877248698,12,150,149,32.5,1,2
"3989",0.00367532403807562,22.3411244041655,9.17555877248698,12,150,149,11.5,0,2
"3990",0.00367532403807562,22.3411244041655,9.17555877248698,12,150,149,32.5,1,2
"3991",0.00367532403807562,22.3411244041655,9.17555877248698,12,150,149,11.5,0,2
"3992",0.00367532403807562,22.3411244041655,9.17555877248698,12,150,149,32.5,0,2
"3993",0.00367532403807562,22.3411244041655,9.17555877248698,12,150,149,11.5,0,2
"3994",0.00367532403807562,22.3411244041655,9.17555877248698,12,150,149,33.5,1,2
"3995",0.00367532403807562,22.3411244041655,9.17555877248698,12,150,149,11.5,0,2
"3996",0.00367532403807562,22.3411244041655,9.17555877248698,12,150,149,32.5,1,2
"3997",0.00367532403807562,22.3411244041655,9.17555877248698,12,150,149,11.5,0,2
"3998",0.00367532403807562,22.3411244041655,9.17555877248698,12,150,149,32.5,1,2
"3999",0.00367532403807562,22.3411244041655,9.17555877248698,12,150,149,32.5,1,2
"4000",0.00367532403807562,22.3411244041655,9.17555877248698,12,150,149,12.5,0,2
"4001",0.00367532403807562,22.3411244041655,9.17555877248698,12,150,149,32.5,0,2
"4002",0.00367532403807562,22.3411244041655,9.17555877248698,12,150,149,12.5,0,2
"4003",0.00367532403807562,22.3411244041655,9.17555877248698,12,150,149,33.5,0,2
"4004",0.00367532403807562,22.3411244041655,9.17555877248698,12,150,149,12.5,0,2
"4005",0.00367532403807562,22.3411244041655,9.17555877248698,12,150,149,34.5,1,2
"4006",0.00367532403807562,22.3411244041655,9.17555877248698,12,150,149,12.5,1,2
"4007",0.00367532403807562,22.3411244041655,9.17555877248698,12,150,149,34.5,1,2
"4008",0.00367532403807562,22.3411244041655,9.17555877248698,12,150,149,11.5,0,2
"4009",0.00367532403807562,22.3411244041655,9.17555877248698,12,150,149,34.5,0,2
"4010",0.00367532403807562,22.3411244041655,9.17555877248698,12,150,149,10.5,0,2
"4011",0.00367532403807562,22.3411244041655,9.17555877248698,12,150,149,35.5,1,2
"4012",0.00367532403807562,22.3411244041655,9.17555877248698,12,150,149,11.5,0,2
"4013",0.00367532403807562,22.3411244041655,9.17555877248698,12,150,149,35.5,1,2
"4014",0.00367532403807562,22.3411244041655,9.17555877248698,12,150,149,11.5,0,2
"4015",0.00367532403807562,22.3411244041655,9.17555877248698,12,150,149,34.5,1,2
"4016",0.00367532403807562,22.3411244041655,9.17555877248698,12,150,149,11.5,0,2
"4017",0.00367532403807562,22.3411244041655,9.17555877248698,12,150,149,34.5,1,2
"4018",0.00367532403807562,22.3411244041655,9.17555877248698,12,150,149,12.5,0,2
"4019",0.00367532403807562,22.3411244041655,9.17555877248698,12,150,149,34.5,1,2
"4020",0.00367532403807562,22.3411244041655,9.17555877248698,12,150,149,12.5,0,2
"4021",0.00367532403807562,22.3411244041655,9.17555877248698,12,150,149,34.5,1,2
"4022",0.00367532403807562,22.3411244041655,9.17555877248698,12,150,149,12.5,0,2
"4023",0.00367532403807562,22.3411244041655,9.17555877248698,12,150,149,33.5,1,2
"4024",0.00367532403807562,22.3411244041655,9.17555877248698,12,150,149,12.5,0,2
"4025",0.00367532403807562,22.3411244041655,9.17555877248698,12,150,149,33.5,1,2
"4026",0.00367532403807562,22.3411244041655,9.17555877248698,12,150,149,13.5,0,2
"4027",0.00367532403807562,22.3411244041655,9.17555877248698,12,150,149,33.5,1,2
"4028",0.00367532403807562,22.3411244041655,9.17555877248698,12,150,149,13.5,1,2
"4029",0.00367532403807562,22.3411244041655,9.17555877248698,12,150,149,33.5,1,2
"4030",0.00367532403807562,22.3411244041655,9.17555877248698,12,150,149,12.5,0,2
"4031",0.00367532403807562,22.3411244041655,9.17555877248698,12,150,149,33.5,1,2
"4032",0.00367532403807562,22.3411244041655,9.17555877248698,12,150,149,12.5,0,2
"4033",0.00367532403807562,22.3411244041655,9.17555877248698,12,150,149,33.5,1,2
"4034",0.00367532403807562,22.3411244041655,9.17555877248698,12,150,149,12.5,0,2
"4035",0.00367532403807562,22.3411244041655,9.17555877248698,12,150,149,32.5,1,2
"4036",0.00367532403807562,22.3411244041655,9.17555877248698,12,150,149,13.5,0,2
"4037",0.00367532403807562,22.3411244041655,9.17555877248698,12,150,149,32.5,1,2
"4038",0.00367532403807562,22.3411244041655,9.17555877248698,12,150,149,13.5,0,2
"4039",0.00367532403807562,22.3411244041655,9.17555877248698,12,150,149,32.5,1,2
"4040",0.00367532403807562,22.3411244041655,9.17555877248698,12,150,149,13.5,1,2
"4041",0.00367532403807562,22.3411244041655,9.17555877248698,12,150,149,32.5,1,2
"4042",0.00367532403807562,22.3411244041655,9.17555877248698,12,150,149,12.5,0,2
"4043",0.00367532403807562,22.3411244041655,9.17555877248698,12,150,149,32.5,1,2
"4044",0.00367532403807562,22.3411244041655,9.17555877248698,12,150,149,12.5,0,2
"4045",0.00367532403807562,22.3411244041655,9.17555877248698,12,150,149,32.5,1,2
"4046",0.00367532403807562,22.3411244041655,9.17555877248698,12,150,149,12.5,0,2
"4047",0.00367532403807562,22.3411244041655,9.17555877248698,12,150,149,32.5,0,2
"4048",0.00367532403807562,22.3411244041655,9.17555877248698,12,150,149,12.5,0,2
"4049",0.00367532403807562,22.3411244041655,9.17555877248698,12,150,149,32.5,1,2
"4050",0.00367532403807562,22.3411244041655,9.17555877248698,12,150,149,13.5,0,2
"4051",0.00192100334653008,15.2555440756692,10.8646968504036,13,150,149,-0.5,0,2
"4052",0.00192100334653008,15.2555440756692,10.8646968504036,13,150,149,22.5,0,2
"4053",0.00192100334653008,15.2555440756692,10.8646968504036,13,150,149,34.5,1,2
"4054",0.00192100334653008,15.2555440756692,10.8646968504036,13,150,149,27.5,1,2
"4055",0.00192100334653008,15.2555440756692,10.8646968504036,13,150,149,19.5,1,2
"4056",0.00192100334653008,15.2555440756692,10.8646968504036,13,150,149,10.5,0,2
"4057",0.00192100334653008,15.2555440756692,10.8646968504036,13,150,149,14.5,1,2
"4058",0.00192100334653008,15.2555440756692,10.8646968504036,13,150,149,7.5,0,2
"4059",0.00192100334653008,15.2555440756692,10.8646968504036,13,150,149,24.5,1,2
"4060",0.00192100334653008,15.2555440756692,10.8646968504036,13,150,149,6.5,0,2
"4061",0.00192100334653008,15.2555440756692,10.8646968504036,13,150,149,24.5,1,2
"4062",0.00192100334653008,15.2555440756692,10.8646968504036,13,150,149,7.5,0,2
"4063",0.00192100334653008,15.2555440756692,10.8646968504036,13,150,149,15.5,0,2
"4064",0.00192100334653008,15.2555440756692,10.8646968504036,13,150,149,27.5,1,2
"4065",0.00192100334653008,15.2555440756692,10.8646968504036,13,150,149,8.5,1,2
"4066",0.00192100334653008,15.2555440756692,10.8646968504036,13,150,149,3.5,0,2
"4067",0.00192100334653008,15.2555440756692,10.8646968504036,13,150,149,26.5,1,2
"4068",0.00192100334653008,15.2555440756692,10.8646968504036,13,150,149,4.5,0,2
"4069",0.00192100334653008,15.2555440756692,10.8646968504036,13,150,149,26.5,1,2
"4070",0.00192100334653008,15.2555440756692,10.8646968504036,13,150,149,4.5,0,2
"4071",0.00192100334653008,15.2555440756692,10.8646968504036,13,150,149,25.5,1,2
"4072",0.00192100334653008,15.2555440756692,10.8646968504036,13,150,149,5.5,0,2
"4073",0.00192100334653008,15.2555440756692,10.8646968504036,13,150,149,24.5,1,2
"4074",0.00192100334653008,15.2555440756692,10.8646968504036,13,150,149,6.5,0,2
"4075",0.00192100334653008,15.2555440756692,10.8646968504036,13,150,149,22.5,1,2
"4076",0.00192100334653008,15.2555440756692,10.8646968504036,13,150,149,7.5,0,2
"4077",0.00192100334653008,15.2555440756692,10.8646968504036,13,150,149,21.5,1,2
"4078",0.00192100334653008,15.2555440756692,10.8646968504036,13,150,149,19.5,0,2
"4079",0.00192100334653008,15.2555440756692,10.8646968504036,13,150,149,8.5,0,2
"4080",0.00192100334653008,15.2555440756692,10.8646968504036,13,150,149,9.5,0,2
"4081",0.00192100334653008,15.2555440756692,10.8646968504036,13,150,149,24.5,1,2
"4082",0.00192100334653008,15.2555440756692,10.8646968504036,13,150,149,10.5,1,2
"4083",0.00192100334653008,15.2555440756692,10.8646968504036,13,150,149,24.5,1,2
"4084",0.00192100334653008,15.2555440756692,10.8646968504036,13,150,149,6.5,0,2
"4085",0.00192100334653008,15.2555440756692,10.8646968504036,13,150,149,23.5,1,2
"4086",0.00192100334653008,15.2555440756692,10.8646968504036,13,150,149,7.5,0,2
"4087",0.00192100334653008,15.2555440756692,10.8646968504036,13,150,149,22.5,0,2
"4088",0.00192100334653008,15.2555440756692,10.8646968504036,13,150,149,25.5,1,2
"4089",0.00192100334653008,15.2555440756692,10.8646968504036,13,150,149,7.5,1,2
"4090",0.00192100334653008,15.2555440756692,10.8646968504036,13,150,149,4.5,1,2
"4091",0.00192100334653008,15.2555440756692,10.8646968504036,13,150,149,1.5,0,2
"4092",0.00192100334653008,15.2555440756692,10.8646968504036,13,150,149,1.5,0,2
"4093",0.00192100334653008,15.2555440756692,10.8646968504036,13,150,149,26.5,1,2
"4094",0.00192100334653008,15.2555440756692,10.8646968504036,13,150,149,2.5,1,2
"4095",0.00192100334653008,15.2555440756692,10.8646968504036,13,150,149,-0.5,1,2
"4096",0.00192100334653008,15.2555440756692,10.8646968504036,13,150,149,-3.5,0,2
"4097",0.00192100334653008,15.2555440756692,10.8646968504036,13,150,149,-2.5,0,2
"4098",0.00192100334653008,15.2555440756692,10.8646968504036,13,150,149,-2.5,0,2
"4099",0.00192100334653008,15.2555440756692,10.8646968504036,13,150,149,28.5,1,2
"4100",0.00192100334653008,15.2555440756692,10.8646968504036,13,150,149,27.5,1,2
"4101",0.00192100334653008,15.2555440756692,10.8646968504036,13,150,149,-1.5,0,2
"4102",0.00192100334653008,15.2555440756692,10.8646968504036,13,150,149,27.5,1,2
"4103",0.00192100334653008,15.2555440756692,10.8646968504036,13,150,149,-1.5,0,2
"4104",0.00192100334653008,15.2555440756692,10.8646968504036,13,150,149,26.5,1,2
"4105",0.00192100334653008,15.2555440756692,10.8646968504036,13,150,149,-0.5,0,2
"4106",0.00192100334653008,15.2555440756692,10.8646968504036,13,150,149,26.5,1,2
"4107",0.00192100334653008,15.2555440756692,10.8646968504036,13,150,149,-0.5,0,2
"4108",0.00192100334653008,15.2555440756692,10.8646968504036,13,150,149,25.5,1,2
"4109",0.00192100334653008,15.2555440756692,10.8646968504036,13,150,149,0.5,1,2
"4110",0.00192100334653008,15.2555440756692,10.8646968504036,13,150,149,-1.5,0,2
"4111",0.00192100334653008,15.2555440756692,10.8646968504036,13,150,149,25.5,1,2
"4112",0.00192100334653008,15.2555440756692,10.8646968504036,13,150,149,-1.5,0,2
"4113",0.00192100334653008,15.2555440756692,10.8646968504036,13,150,149,25.5,1,2
"4114",0.00192100334653008,15.2555440756692,10.8646968504036,13,150,149,-0.5,0,2
"4115",0.00192100334653008,15.2555440756692,10.8646968504036,13,150,149,24.5,1,2
"4116",0.00192100334653008,15.2555440756692,10.8646968504036,13,150,149,-0.5,0,2
"4117",0.00192100334653008,15.2555440756692,10.8646968504036,13,150,149,24.5,1,2
"4118",0.00192100334653008,15.2555440756692,10.8646968504036,13,150,149,0.5,0,2
"4119",0.00192100334653008,15.2555440756692,10.8646968504036,13,150,149,23.5,1,2
"4120",0.00192100334653008,15.2555440756692,10.8646968504036,13,150,149,0.5,0,2
"4121",0.00192100334653008,15.2555440756692,10.8646968504036,13,150,149,23.5,1,2
"4122",0.00192100334653008,15.2555440756692,10.8646968504036,13,150,149,23.5,1,2
"4123",0.00192100334653008,15.2555440756692,10.8646968504036,13,150,149,1.5,0,2
"4124",0.00192100334653008,15.2555440756692,10.8646968504036,13,150,149,22.5,1,2
"4125",0.00192100334653008,15.2555440756692,10.8646968504036,13,150,149,1.5,0,2
"4126",0.00192100334653008,15.2555440756692,10.8646968504036,13,150,149,22.5,1,2
"4127",0.00192100334653008,15.2555440756692,10.8646968504036,13,150,149,2.5,1,2
"4128",0.00192100334653008,15.2555440756692,10.8646968504036,13,150,149,0.5,0,2
"4129",0.00192100334653008,15.2555440756692,10.8646968504036,13,150,149,22.5,1,2
"4130",0.00192100334653008,15.2555440756692,10.8646968504036,13,150,149,22.5,1,2
"4131",0.00192100334653008,15.2555440756692,10.8646968504036,13,150,149,0.5,0,2
"4132",0.00192100334653008,15.2555440756692,10.8646968504036,13,150,149,21.5,1,2
"4133",0.00192100334653008,15.2555440756692,10.8646968504036,13,150,149,1.5,0,2
"4134",0.00192100334653008,15.2555440756692,10.8646968504036,13,150,149,21.5,1,2
"4135",0.00192100334653008,15.2555440756692,10.8646968504036,13,150,149,21.5,1,2
"4136",0.00192100334653008,15.2555440756692,10.8646968504036,13,150,149,1.5,0,2
"4137",0.00192100334653008,15.2555440756692,10.8646968504036,13,150,149,20.5,1,2
"4138",0.00192100334653008,15.2555440756692,10.8646968504036,13,150,149,1.5,0,2
"4139",0.00192100334653008,15.2555440756692,10.8646968504036,13,150,149,20.5,1,2
"4140",0.00192100334653008,15.2555440756692,10.8646968504036,13,150,149,20.5,1,2
"4141",0.00192100334653008,15.2555440756692,10.8646968504036,13,150,149,2.5,1,2
"4142",0.00192100334653008,15.2555440756692,10.8646968504036,13,150,149,1.5,0,2
"4143",0.00192100334653008,15.2555440756692,10.8646968504036,13,150,149,20.5,0,2
"4144",0.00192100334653008,15.2555440756692,10.8646968504036,13,150,149,0.5,0,2
"4145",0.00192100334653008,15.2555440756692,10.8646968504036,13,150,149,1.5,0,2
"4146",0.00192100334653008,15.2555440756692,10.8646968504036,13,150,149,21.5,1,2
"4147",0.00192100334653008,15.2555440756692,10.8646968504036,13,150,149,21.5,0,2
"4148",0.00192100334653008,15.2555440756692,10.8646968504036,13,150,149,1.5,0,2
"4149",0.00192100334653008,15.2555440756692,10.8646968504036,13,150,149,1.5,0,2
"4150",0.00192100334653008,15.2555440756692,10.8646968504036,13,150,149,22.5,0,2
"4151",0.00192100334653008,15.2555440756692,10.8646968504036,13,150,149,1.5,1,2
"4152",0.00192100334653008,15.2555440756692,10.8646968504036,13,150,149,-0.5,0,2
"4153",0.00192100334653008,15.2555440756692,10.8646968504036,13,150,149,23.5,0,2
"4154",0.00192100334653008,15.2555440756692,10.8646968504036,13,150,149,25.5,1,2
"4155",0.00192100334653008,15.2555440756692,10.8646968504036,13,150,149,-0.5,1,2
"4156",0.00192100334653008,15.2555440756692,10.8646968504036,13,150,149,-1.5,0,2
"4157",0.00192100334653008,15.2555440756692,10.8646968504036,13,150,149,25.5,1,2
"4158",0.00192100334653008,15.2555440756692,10.8646968504036,13,150,149,-1.5,0,2
"4159",0.00192100334653008,15.2555440756692,10.8646968504036,13,150,149,25.5,1,2
"4160",0.00192100334653008,15.2555440756692,10.8646968504036,13,150,149,-0.5,0,2
"4161",0.00192100334653008,15.2555440756692,10.8646968504036,13,150,149,24.5,1,2
"4162",0.00192100334653008,15.2555440756692,10.8646968504036,13,150,149,-0.5,0,2
"4163",0.00192100334653008,15.2555440756692,10.8646968504036,13,150,149,24.5,1,2
"4164",0.00192100334653008,15.2555440756692,10.8646968504036,13,150,149,-0.5,0,2
"4165",0.00192100334653008,15.2555440756692,10.8646968504036,13,150,149,24.5,0,2
"4166",0.00192100334653008,15.2555440756692,10.8646968504036,13,150,149,25.5,1,2
"4167",0.00192100334653008,15.2555440756692,10.8646968504036,13,150,149,-0.5,1,2
"4168",0.00192100334653008,15.2555440756692,10.8646968504036,13,150,149,-1.5,0,2
"4169",0.00192100334653008,15.2555440756692,10.8646968504036,13,150,149,25.5,1,2
"4170",0.00192100334653008,15.2555440756692,10.8646968504036,13,150,149,-1.5,0,2
"4171",0.00192100334653008,15.2555440756692,10.8646968504036,13,150,149,25.5,1,2
"4172",0.00192100334653008,15.2555440756692,10.8646968504036,13,150,149,-1.5,0,2
"4173",0.00192100334653008,15.2555440756692,10.8646968504036,13,150,149,24.5,1,2
"4174",0.00192100334653008,15.2555440756692,10.8646968504036,13,150,149,-0.5,0,2
"4175",0.00192100334653008,15.2555440756692,10.8646968504036,13,150,149,24.5,0,2
"4176",0.00192100334653008,15.2555440756692,10.8646968504036,13,150,149,25.5,1,2
"4177",0.00192100334653008,15.2555440756692,10.8646968504036,13,150,149,-0.5,0,2
"4178",0.00192100334653008,15.2555440756692,10.8646968504036,13,150,149,25.5,0,2
"4179",0.00192100334653008,15.2555440756692,10.8646968504036,13,150,149,-1.5,0,2
"4180",0.00192100334653008,15.2555440756692,10.8646968504036,13,150,149,26.5,1,2
"4181",0.00192100334653008,15.2555440756692,10.8646968504036,13,150,149,-0.5,0,2
"4182",0.00192100334653008,15.2555440756692,10.8646968504036,13,150,149,26.5,1,2
"4183",0.00192100334653008,15.2555440756692,10.8646968504036,13,150,149,-0.5,0,2
"4184",0.00192100334653008,15.2555440756692,10.8646968504036,13,150,149,26.5,1,2
"4185",0.00192100334653008,15.2555440756692,10.8646968504036,13,150,149,-0.5,0,2
"4186",0.00192100334653008,15.2555440756692,10.8646968504036,13,150,149,25.5,1,2
"4187",0.00192100334653008,15.2555440756692,10.8646968504036,13,150,149,-0.5,0,2
"4188",0.00192100334653008,15.2555440756692,10.8646968504036,13,150,149,25.5,0,2
"4189",0.00192100334653008,15.2555440756692,10.8646968504036,13,150,149,26.5,1,2
"4190",0.00192100334653008,15.2555440756692,10.8646968504036,13,150,149,-0.5,0,2
"4191",0.00192100334653008,15.2555440756692,10.8646968504036,13,150,149,26.5,1,2
"4192",0.00192100334653008,15.2555440756692,10.8646968504036,13,150,149,0.5,0,2
"4193",0.00192100334653008,15.2555440756692,10.8646968504036,13,150,149,26.5,1,2
"4194",0.00192100334653008,15.2555440756692,10.8646968504036,13,150,149,0.5,0,2
"4195",0.00192100334653008,15.2555440756692,10.8646968504036,13,150,149,25.5,1,2
"4196",0.00192100334653008,15.2555440756692,10.8646968504036,13,150,149,0.5,0,2
"4197",0.00192100334653008,15.2555440756692,10.8646968504036,13,150,149,25.5,1,2
"4198",0.00192100334653008,15.2555440756692,10.8646968504036,13,150,149,0.5,1,2
"4199",0.00192100334653008,15.2555440756692,10.8646968504036,13,150,149,-0.5,0,2
"4200",0.00192100334653008,15.2555440756692,10.8646968504036,13,150,149,25.5,1,2
"4201",0.00671099458456157,7.16782349040093,9.79752393402414,14,150,149,-0.5,0,2
"4202",0.00671099458456157,7.16782349040093,9.79752393402414,14,150,149,22.5,0,2
"4203",0.00671099458456157,7.16782349040093,9.79752393402414,14,150,149,34.5,1,2
"4204",0.00671099458456157,7.16782349040093,9.79752393402414,14,150,149,27.5,1,2
"4205",0.00671099458456157,7.16782349040093,9.79752393402414,14,150,149,19.5,1,2
"4206",0.00671099458456157,7.16782349040093,9.79752393402414,14,150,149,10.5,1,2
"4207",0.00671099458456157,7.16782349040093,9.79752393402414,14,150,149,4.5,1,2
"4208",0.00671099458456157,7.16782349040093,9.79752393402414,14,150,149,-4.5,0,2
"4209",0.00671099458456157,7.16782349040093,9.79752393402414,14,150,149,6.5,0,2
"4210",0.00671099458456157,7.16782349040093,9.79752393402414,14,150,149,10.5,1,2
"4211",0.00671099458456157,7.16782349040093,9.79752393402414,14,150,149,-2.5,0,2
"4212",0.00671099458456157,7.16782349040093,9.79752393402414,14,150,149,13.5,1,2
"4213",0.00671099458456157,7.16782349040093,9.79752393402414,14,150,149,-3.5,0,2
"4214",0.00671099458456157,7.16782349040093,9.79752393402414,14,150,149,13.5,1,2
"4215",0.00671099458456157,7.16782349040093,9.79752393402414,14,150,149,12.5,1,2
"4216",0.00671099458456157,7.16782349040093,9.79752393402414,14,150,149,-3.5,0,2
"4217",0.00671099458456157,7.16782349040093,9.79752393402414,14,150,149,12.5,1,2
"4218",0.00671099458456157,7.16782349040093,9.79752393402414,14,150,149,-3.5,0,2
"4219",0.00671099458456157,7.16782349040093,9.79752393402414,14,150,149,12.5,1,2
"4220",0.00671099458456157,7.16782349040093,9.79752393402414,14,150,149,11.5,0,2
"4221",0.00671099458456157,7.16782349040093,9.79752393402414,14,150,149,-3.5,0,2
"4222",0.00671099458456157,7.16782349040093,9.79752393402414,14,150,149,16.5,1,2
"4223",0.00671099458456157,7.16782349040093,9.79752393402414,14,150,149,-3.5,0,2
"4224",0.00671099458456157,7.16782349040093,9.79752393402414,14,150,149,15.5,1,2
"4225",0.00671099458456157,7.16782349040093,9.79752393402414,14,150,149,15.5,1,2
"4226",0.00671099458456157,7.16782349040093,9.79752393402414,14,150,149,-1.5,0,2
"4227",0.00671099458456157,7.16782349040093,9.79752393402414,14,150,149,14.5,1,2
"4228",0.00671099458456157,7.16782349040093,9.79752393402414,14,150,149,-0.5,0,2
"4229",0.00671099458456157,7.16782349040093,9.79752393402414,14,150,149,13.5,1,2
"4230",0.00671099458456157,7.16782349040093,9.79752393402414,14,150,149,1.5,0,2
"4231",0.00671099458456157,7.16782349040093,9.79752393402414,14,150,149,13.5,1,2
"4232",0.00671099458456157,7.16782349040093,9.79752393402414,14,150,149,2.5,0,2
"4233",0.00671099458456157,7.16782349040093,9.79752393402414,14,150,149,12.5,1,2
"4234",0.00671099458456157,7.16782349040093,9.79752393402414,14,150,149,4.5,1,2
"4235",0.00671099458456157,7.16782349040093,9.79752393402414,14,150,149,11.5,0,2
"4236",0.00671099458456157,7.16782349040093,9.79752393402414,14,150,149,-1.5,0,2
"4237",0.00671099458456157,7.16782349040093,9.79752393402414,14,150,149,14.5,1,2
"4238",0.00671099458456157,7.16782349040093,9.79752393402414,14,150,149,-0.5,0,2
"4239",0.00671099458456157,7.16782349040093,9.79752393402414,14,150,149,14.5,1,2
"4240",0.00671099458456157,7.16782349040093,9.79752393402414,14,150,149,13.5,0,2
"4241",0.00671099458456157,7.16782349040093,9.79752393402414,14,150,149,-0.5,0,2
"4242",0.00671099458456157,7.16782349040093,9.79752393402414,14,150,149,16.5,1,2
"4243",0.00671099458456157,7.16782349040093,9.79752393402414,14,150,149,-0.5,0,2
"4244",0.00671099458456157,7.16782349040093,9.79752393402414,14,150,149,15.5,1,2
"4245",0.00671099458456157,7.16782349040093,9.79752393402414,14,150,149,0.5,0,2
"4246",0.00671099458456157,7.16782349040093,9.79752393402414,14,150,149,14.5,1,2
"4247",0.00671099458456157,7.16782349040093,9.79752393402414,14,150,149,1.5,1,2
"4248",0.00671099458456157,7.16782349040093,9.79752393402414,14,150,149,15.5,1,2
"4249",0.00671099458456157,7.16782349040093,9.79752393402414,14,150,149,-1.5,0,2
"4250",0.00671099458456157,7.16782349040093,9.79752393402414,14,150,149,14.5,0,2
"4251",0.00671099458456157,7.16782349040093,9.79752393402414,14,150,149,-1.5,0,2
"4252",0.00671099458456157,7.16782349040093,9.79752393402414,14,150,149,16.5,1,2
"4253",0.00671099458456157,7.16782349040093,9.79752393402414,14,150,149,-0.5,1,2
"4254",0.00671099458456157,7.16782349040093,9.79752393402414,14,150,149,-3.5,0,2
"4255",0.00671099458456157,7.16782349040093,9.79752393402414,14,150,149,17.5,0,2
"4256",0.00671099458456157,7.16782349040093,9.79752393402414,14,150,149,-4.5,0,2
"4257",0.00671099458456157,7.16782349040093,9.79752393402414,14,150,149,19.5,1,2
"4258",0.00671099458456157,7.16782349040093,9.79752393402414,14,150,149,-3.5,0,2
"4259",0.00671099458456157,7.16782349040093,9.79752393402414,14,150,149,18.5,0,2
"4260",0.00671099458456157,7.16782349040093,9.79752393402414,14,150,149,21.5,1,2
"4261",0.00671099458456157,7.16782349040093,9.79752393402414,14,150,149,-4.5,0,2
"4262",0.00671099458456157,7.16782349040093,9.79752393402414,14,150,149,20.5,1,2
"4263",0.00671099458456157,7.16782349040093,9.79752393402414,14,150,149,-3.5,0,2
"4264",0.00671099458456157,7.16782349040093,9.79752393402414,14,150,149,20.5,1,2
"4265",0.00671099458456157,7.16782349040093,9.79752393402414,14,150,149,-3.5,0,2
"4266",0.00671099458456157,7.16782349040093,9.79752393402414,14,150,149,19.5,0,2
"4267",0.00671099458456157,7.16782349040093,9.79752393402414,14,150,149,21.5,1,2
"4268",0.00671099458456157,7.16782349040093,9.79752393402414,14,150,149,-3.5,0,2
"4269",0.00671099458456157,7.16782349040093,9.79752393402414,14,150,149,21.5,1,2
"4270",0.00671099458456157,7.16782349040093,9.79752393402414,14,150,149,-3.5,0,2
"4271",0.00671099458456157,7.16782349040093,9.79752393402414,14,150,149,20.5,1,2
"4272",0.00671099458456157,7.16782349040093,9.79752393402414,14,150,149,-2.5,0,2
"4273",0.00671099458456157,7.16782349040093,9.79752393402414,14,150,149,20.5,1,2
"4274",0.00671099458456157,7.16782349040093,9.79752393402414,14,150,149,-2.5,0,2
"4275",0.00671099458456157,7.16782349040093,9.79752393402414,14,150,149,19.5,1,2
"4276",0.00671099458456157,7.16782349040093,9.79752393402414,14,150,149,-1.5,0,2
"4277",0.00671099458456157,7.16782349040093,9.79752393402414,14,150,149,19.5,1,2
"4278",0.00671099458456157,7.16782349040093,9.79752393402414,14,150,149,-1.5,1,2
"4279",0.00671099458456157,7.16782349040093,9.79752393402414,14,150,149,-2.5,0,2
"4280",0.00671099458456157,7.16782349040093,9.79752393402414,14,150,149,19.5,1,2
"4281",0.00671099458456157,7.16782349040093,9.79752393402414,14,150,149,-2.5,0,2
"4282",0.00671099458456157,7.16782349040093,9.79752393402414,14,150,149,19.5,1,2
"4283",0.00671099458456157,7.16782349040093,9.79752393402414,14,150,149,-2.5,0,2
"4284",0.00671099458456157,7.16782349040093,9.79752393402414,14,150,149,18.5,1,2
"4285",0.00671099458456157,7.16782349040093,9.79752393402414,14,150,149,18.5,1,2
"4286",0.00671099458456157,7.16782349040093,9.79752393402414,14,150,149,-1.5,0,2
"4287",0.00671099458456157,7.16782349040093,9.79752393402414,14,150,149,18.5,1,2
"4288",0.00671099458456157,7.16782349040093,9.79752393402414,14,150,149,-1.5,1,2
"4289",0.00671099458456157,7.16782349040093,9.79752393402414,14,150,149,-2.5,0,2
"4290",0.00671099458456157,7.16782349040093,9.79752393402414,14,150,149,18.5,1,2
"4291",0.00671099458456157,7.16782349040093,9.79752393402414,14,150,149,-2.5,0,2
"4292",0.00671099458456157,7.16782349040093,9.79752393402414,14,150,149,18.5,1,2
"4293",0.00671099458456157,7.16782349040093,9.79752393402414,14,150,149,-2.5,0,2
"4294",0.00671099458456157,7.16782349040093,9.79752393402414,14,150,149,17.5,1,2
"4295",0.00671099458456157,7.16782349040093,9.79752393402414,14,150,149,17.5,1,2
"4296",0.00671099458456157,7.16782349040093,9.79752393402414,14,150,149,-1.5,1,2
"4297",0.00671099458456157,7.16782349040093,9.79752393402414,14,150,149,-2.5,0,2
"4298",0.00671099458456157,7.16782349040093,9.79752393402414,14,150,149,17.5,1,2
"4299",0.00671099458456157,7.16782349040093,9.79752393402414,14,150,149,-2.5,0,2
"4300",0.00671099458456157,7.16782349040093,9.79752393402414,14,150,149,17.5,1,2
"4301",0.00671099458456157,7.16782349040093,9.79752393402414,14,150,149,17.5,1,2
"4302",0.00671099458456157,7.16782349040093,9.79752393402414,14,150,149,-2.5,0,2
"4303",0.00671099458456157,7.16782349040093,9.79752393402414,14,150,149,16.5,1,2
"4304",0.00671099458456157,7.16782349040093,9.79752393402414,14,150,149,-2.5,0,2
"4305",0.00671099458456157,7.16782349040093,9.79752393402414,14,150,149,16.5,0,2
"4306",0.00671099458456157,7.16782349040093,9.79752393402414,14,150,149,-2.5,1,2
"4307",0.00671099458456157,7.16782349040093,9.79752393402414,14,150,149,-3.5,0,2
"4308",0.00671099458456157,7.16782349040093,9.79752393402414,14,150,149,-3.5,0,2
"4309",0.00671099458456157,7.16782349040093,9.79752393402414,14,150,149,18.5,1,2
"4310",0.00671099458456157,7.16782349040093,9.79752393402414,14,150,149,17.5,1,2
"4311",0.00671099458456157,7.16782349040093,9.79752393402414,14,150,149,-2.5,0,2
"4312",0.00671099458456157,7.16782349040093,9.79752393402414,14,150,149,17.5,1,2
"4313",0.00671099458456157,7.16782349040093,9.79752393402414,14,150,149,-2.5,0,2
"4314",0.00671099458456157,7.16782349040093,9.79752393402414,14,150,149,17.5,0,2
"4315",0.00671099458456157,7.16782349040093,9.79752393402414,14,150,149,-2.5,0,2
"4316",0.00671099458456157,7.16782349040093,9.79752393402414,14,150,149,18.5,1,2
"4317",0.00671099458456157,7.16782349040093,9.79752393402414,14,150,149,-2.5,0,2
"4318",0.00671099458456157,7.16782349040093,9.79752393402414,14,150,149,18.5,1,2
"4319",0.00671099458456157,7.16782349040093,9.79752393402414,14,150,149,-2.5,0,2
"4320",0.00671099458456157,7.16782349040093,9.79752393402414,14,150,149,17.5,1,2
"4321",0.00671099458456157,7.16782349040093,9.79752393402414,14,150,149,-1.5,0,2
"4322",0.00671099458456157,7.16782349040093,9.79752393402414,14,150,149,17.5,1,2
"4323",0.00671099458456157,7.16782349040093,9.79752393402414,14,150,149,-1.5,0,2
"4324",0.00671099458456157,7.16782349040093,9.79752393402414,14,150,149,17.5,1,2
"4325",0.00671099458456157,7.16782349040093,9.79752393402414,14,150,149,-1.5,0,2
"4326",0.00671099458456157,7.16782349040093,9.79752393402414,14,150,149,17.5,0,2
"4327",0.00671099458456157,7.16782349040093,9.79752393402414,14,150,149,-1.5,0,2
"4328",0.00671099458456157,7.16782349040093,9.79752393402414,14,150,149,18.5,1,2
"4329",0.00671099458456157,7.16782349040093,9.79752393402414,14,150,149,-1.5,1,2
"4330",0.00671099458456157,7.16782349040093,9.79752393402414,14,150,149,18.5,0,2
"4331",0.00671099458456157,7.16782349040093,9.79752393402414,14,150,149,-2.5,0,2
"4332",0.00671099458456157,7.16782349040093,9.79752393402414,14,150,149,19.5,1,2
"4333",0.00671099458456157,7.16782349040093,9.79752393402414,14,150,149,-2.5,0,2
"4334",0.00671099458456157,7.16782349040093,9.79752393402414,14,150,149,18.5,1,2
"4335",0.00671099458456157,7.16782349040093,9.79752393402414,14,150,149,-2.5,0,2
"4336",0.00671099458456157,7.16782349040093,9.79752393402414,14,150,149,18.5,1,2
"4337",0.00671099458456157,7.16782349040093,9.79752393402414,14,150,149,-1.5,0,2
"4338",0.00671099458456157,7.16782349040093,9.79752393402414,14,150,149,18.5,1,2
"4339",0.00671099458456157,7.16782349040093,9.79752393402414,14,150,149,-1.5,0,2
"4340",0.00671099458456157,7.16782349040093,9.79752393402414,14,150,149,18.5,1,2
"4341",0.00671099458456157,7.16782349040093,9.79752393402414,14,150,149,-1.5,0,2
"4342",0.00671099458456157,7.16782349040093,9.79752393402414,14,150,149,18.5,1,2
"4343",0.00671099458456157,7.16782349040093,9.79752393402414,14,150,149,-1.5,1,2
"4344",0.00671099458456157,7.16782349040093,9.79752393402414,14,150,149,18.5,1,2
"4345",0.00671099458456157,7.16782349040093,9.79752393402414,14,150,149,-2.5,0,2
"4346",0.00671099458456157,7.16782349040093,9.79752393402414,14,150,149,17.5,1,2
"4347",0.00671099458456157,7.16782349040093,9.79752393402414,14,150,149,-1.5,0,2
"4348",0.00671099458456157,7.16782349040093,9.79752393402414,14,150,149,17.5,0,2
"4349",0.00671099458456157,7.16782349040093,9.79752393402414,14,150,149,-2.5,0,2
"4350",0.00671099458456157,7.16782349040093,9.79752393402414,14,150,149,18.5,1,2
"4351",4.48151932570383e-05,17.7943049343167,14.4128939711383,15,150,149,-0.5,0,2
"4352",4.48151932570383e-05,17.7943049343167,14.4128939711383,15,150,149,22.5,1,2
"4353",4.48151932570383e-05,17.7943049343167,14.4128939711383,15,150,149,10.5,0,2
"4354",4.48151932570383e-05,17.7943049343167,14.4128939711383,15,150,149,18.5,0,2
"4355",4.48151932570383e-05,17.7943049343167,14.4128939711383,15,150,149,27.5,1,2
"4356",4.48151932570383e-05,17.7943049343167,14.4128939711383,15,150,149,25.5,0,2
"4357",4.48151932570383e-05,17.7943049343167,14.4128939711383,15,150,149,32.5,1,2
"4358",4.48151932570383e-05,17.7943049343167,14.4128939711383,15,150,149,31.5,1,2
"4359",4.48151932570383e-05,17.7943049343167,14.4128939711383,15,150,149,15.5,0,2
"4360",4.48151932570383e-05,17.7943049343167,14.4128939711383,15,150,149,31.5,1,2
"4361",4.48151932570383e-05,17.7943049343167,14.4128939711383,15,150,149,16.5,0,2
"4362",4.48151932570383e-05,17.7943049343167,14.4128939711383,15,150,149,30.5,0,2
"4363",4.48151932570383e-05,17.7943049343167,14.4128939711383,15,150,149,36.5,1,2
"4364",4.48151932570383e-05,17.7943049343167,14.4128939711383,15,150,149,35.5,1,2
"4365",4.48151932570383e-05,17.7943049343167,14.4128939711383,15,150,149,16.5,0,2
"4366",4.48151932570383e-05,17.7943049343167,14.4128939711383,15,150,149,16.5,1,2
"4367",4.48151932570383e-05,17.7943049343167,14.4128939711383,15,150,149,11.5,1,2
"4368",4.48151932570383e-05,17.7943049343167,14.4128939711383,15,150,149,7.5,1,2
"4369",4.48151932570383e-05,17.7943049343167,14.4128939711383,15,150,149,4.5,0,2
"4370",4.48151932570383e-05,17.7943049343167,14.4128939711383,15,150,149,5.5,0,2
"4371",4.48151932570383e-05,17.7943049343167,14.4128939711383,15,150,149,34.5,1,2
"4372",4.48151932570383e-05,17.7943049343167,14.4128939711383,15,150,149,4.5,0,2
"4373",4.48151932570383e-05,17.7943049343167,14.4128939711383,15,150,149,34.5,1,2
"4374",4.48151932570383e-05,17.7943049343167,14.4128939711383,15,150,149,4.5,0,2
"4375",4.48151932570383e-05,17.7943049343167,14.4128939711383,15,150,149,5.5,0,2
"4376",4.48151932570383e-05,17.7943049343167,14.4128939711383,15,150,149,34.5,1,2
"4377",4.48151932570383e-05,17.7943049343167,14.4128939711383,15,150,149,5.5,0,2
"4378",4.48151932570383e-05,17.7943049343167,14.4128939711383,15,150,149,34.5,1,2
"4379",4.48151932570383e-05,17.7943049343167,14.4128939711383,15,150,149,5.5,0,2
"4380",4.48151932570383e-05,17.7943049343167,14.4128939711383,15,150,149,33.5,1,2
"4381",4.48151932570383e-05,17.7943049343167,14.4128939711383,15,150,149,6.5,0,2
"4382",4.48151932570383e-05,17.7943049343167,14.4128939711383,15,150,149,33.5,1,2
"4383",4.48151932570383e-05,17.7943049343167,14.4128939711383,15,150,149,6.5,0,2
"4384",4.48151932570383e-05,17.7943049343167,14.4128939711383,15,150,149,32.5,0,2
"4385",4.48151932570383e-05,17.7943049343167,14.4128939711383,15,150,149,35.5,1,2
"4386",4.48151932570383e-05,17.7943049343167,14.4128939711383,15,150,149,35.5,1,2
"4387",4.48151932570383e-05,17.7943049343167,14.4128939711383,15,150,149,7.5,0,2
"4388",4.48151932570383e-05,17.7943049343167,14.4128939711383,15,150,149,7.5,0,2
"4389",4.48151932570383e-05,17.7943049343167,14.4128939711383,15,150,149,34.5,1,2
"4390",4.48151932570383e-05,17.7943049343167,14.4128939711383,15,150,149,8.5,1,2
"4391",4.48151932570383e-05,17.7943049343167,14.4128939711383,15,150,149,34.5,1,2
"4392",4.48151932570383e-05,17.7943049343167,14.4128939711383,15,150,149,5.5,0,2
"4393",4.48151932570383e-05,17.7943049343167,14.4128939711383,15,150,149,34.5,1,2
"4394",4.48151932570383e-05,17.7943049343167,14.4128939711383,15,150,149,5.5,0,2
"4395",4.48151932570383e-05,17.7943049343167,14.4128939711383,15,150,149,33.5,1,2
"4396",4.48151932570383e-05,17.7943049343167,14.4128939711383,15,150,149,6.5,0,2
"4397",4.48151932570383e-05,17.7943049343167,14.4128939711383,15,150,149,33.5,1,2
"4398",4.48151932570383e-05,17.7943049343167,14.4128939711383,15,150,149,6.5,0,2
"4399",4.48151932570383e-05,17.7943049343167,14.4128939711383,15,150,149,32.5,1,2
"4400",4.48151932570383e-05,17.7943049343167,14.4128939711383,15,150,149,7.5,1,2
"4401",4.48151932570383e-05,17.7943049343167,14.4128939711383,15,150,149,4.5,0,2
"4402",4.48151932570383e-05,17.7943049343167,14.4128939711383,15,150,149,32.5,0,2
"4403",4.48151932570383e-05,17.7943049343167,14.4128939711383,15,150,149,35.5,1,2
"4404",4.48151932570383e-05,17.7943049343167,14.4128939711383,15,150,149,4.5,0,2
"4405",4.48151932570383e-05,17.7943049343167,14.4128939711383,15,150,149,34.5,1,2
"4406",4.48151932570383e-05,17.7943049343167,14.4128939711383,15,150,149,5.5,0,2
"4407",4.48151932570383e-05,17.7943049343167,14.4128939711383,15,150,149,34.5,0,2
"4408",4.48151932570383e-05,17.7943049343167,14.4128939711383,15,150,149,36.5,1,2
"4409",4.48151932570383e-05,17.7943049343167,14.4128939711383,15,150,149,5.5,0,2
"4410",4.48151932570383e-05,17.7943049343167,14.4128939711383,15,150,149,36.5,1,2
"4411",4.48151932570383e-05,17.7943049343167,14.4128939711383,15,150,149,5.5,0,2
"4412",4.48151932570383e-05,17.7943049343167,14.4128939711383,15,150,149,35.5,1,2
"4413",4.48151932570383e-05,17.7943049343167,14.4128939711383,15,150,149,6.5,0,2
"4414",4.48151932570383e-05,17.7943049343167,14.4128939711383,15,150,149,6.5,0,2
"4415",4.48151932570383e-05,17.7943049343167,14.4128939711383,15,150,149,35.5,1,2
"4416",4.48151932570383e-05,17.7943049343167,14.4128939711383,15,150,149,7.5,1,2
"4417",4.48151932570383e-05,17.7943049343167,14.4128939711383,15,150,149,35.5,1,2
"4418",4.48151932570383e-05,17.7943049343167,14.4128939711383,15,150,149,4.5,0,2
"4419",4.48151932570383e-05,17.7943049343167,14.4128939711383,15,150,149,34.5,1,2
"4420",4.48151932570383e-05,17.7943049343167,14.4128939711383,15,150,149,5.5,0,2
"4421",4.48151932570383e-05,17.7943049343167,14.4128939711383,15,150,149,34.5,1,2
"4422",4.48151932570383e-05,17.7943049343167,14.4128939711383,15,150,149,5.5,0,2
"4423",4.48151932570383e-05,17.7943049343167,14.4128939711383,15,150,149,33.5,1,2
"4424",4.48151932570383e-05,17.7943049343167,14.4128939711383,15,150,149,6.5,1,2
"4425",4.48151932570383e-05,17.7943049343167,14.4128939711383,15,150,149,4.5,0,2
"4426",4.48151932570383e-05,17.7943049343167,14.4128939711383,15,150,149,33.5,1,2
"4427",4.48151932570383e-05,17.7943049343167,14.4128939711383,15,150,149,4.5,0,2
"4428",4.48151932570383e-05,17.7943049343167,14.4128939711383,15,150,149,33.5,1,2
"4429",4.48151932570383e-05,17.7943049343167,14.4128939711383,15,150,149,33.5,1,2
"4430",4.48151932570383e-05,17.7943049343167,14.4128939711383,15,150,149,5.5,0,2
"4431",4.48151932570383e-05,17.7943049343167,14.4128939711383,15,150,149,32.5,0,2
"4432",4.48151932570383e-05,17.7943049343167,14.4128939711383,15,150,149,5.5,0,2
"4433",4.48151932570383e-05,17.7943049343167,14.4128939711383,15,150,149,34.5,1,2
"4434",4.48151932570383e-05,17.7943049343167,14.4128939711383,15,150,149,5.5,0,2
"4435",4.48151932570383e-05,17.7943049343167,14.4128939711383,15,150,149,33.5,1,2
"4436",4.48151932570383e-05,17.7943049343167,14.4128939711383,15,150,149,6.5,1,2
"4437",4.48151932570383e-05,17.7943049343167,14.4128939711383,15,150,149,4.5,1,2
"4438",4.48151932570383e-05,17.7943049343167,14.4128939711383,15,150,149,2.5,0,2
"4439",4.48151932570383e-05,17.7943049343167,14.4128939711383,15,150,149,34.5,1,2
"4440",4.48151932570383e-05,17.7943049343167,14.4128939711383,15,150,149,2.5,1,2
"4441",4.48151932570383e-05,17.7943049343167,14.4128939711383,15,150,149,1.5,1,2
"4442",4.48151932570383e-05,17.7943049343167,14.4128939711383,15,150,149,-0.5,0,2
"4443",4.48151932570383e-05,17.7943049343167,14.4128939711383,15,150,149,-0.5,0,2
"4444",4.48151932570383e-05,17.7943049343167,14.4128939711383,15,150,149,35.5,1,2
"4445",4.48151932570383e-05,17.7943049343167,14.4128939711383,15,150,149,-0.5,0,2
"4446",4.48151932570383e-05,17.7943049343167,14.4128939711383,15,150,149,34.5,1,2
"4447",4.48151932570383e-05,17.7943049343167,14.4128939711383,15,150,149,0.5,0,2
"4448",4.48151932570383e-05,17.7943049343167,14.4128939711383,15,150,149,34.5,0,2
"4449",4.48151932570383e-05,17.7943049343167,14.4128939711383,15,150,149,36.5,1,2
"4450",4.48151932570383e-05,17.7943049343167,14.4128939711383,15,150,149,0.5,0,2
"4451",4.48151932570383e-05,17.7943049343167,14.4128939711383,15,150,149,35.5,1,2
"4452",4.48151932570383e-05,17.7943049343167,14.4128939711383,15,150,149,0.5,0,2
"4453",4.48151932570383e-05,17.7943049343167,14.4128939711383,15,150,149,35.5,0,2
"4454",4.48151932570383e-05,17.7943049343167,14.4128939711383,15,150,149,37.5,1,2
"4455",4.48151932570383e-05,17.7943049343167,14.4128939711383,15,150,149,0.5,0,2
"4456",4.48151932570383e-05,17.7943049343167,14.4128939711383,15,150,149,36.5,1,2
"4457",4.48151932570383e-05,17.7943049343167,14.4128939711383,15,150,149,0.5,0,2
"4458",4.48151932570383e-05,17.7943049343167,14.4128939711383,15,150,149,36.5,1,2
"4459",4.48151932570383e-05,17.7943049343167,14.4128939711383,15,150,149,1.5,0,2
"4460",4.48151932570383e-05,17.7943049343167,14.4128939711383,15,150,149,36.5,1,2
"4461",4.48151932570383e-05,17.7943049343167,14.4128939711383,15,150,149,1.5,0,2
"4462",4.48151932570383e-05,17.7943049343167,14.4128939711383,15,150,149,35.5,1,2
"4463",4.48151932570383e-05,17.7943049343167,14.4128939711383,15,150,149,1.5,0,2
"4464",4.48151932570383e-05,17.7943049343167,14.4128939711383,15,150,149,35.5,1,2
"4465",4.48151932570383e-05,17.7943049343167,14.4128939711383,15,150,149,2.5,0,2
"4466",4.48151932570383e-05,17.7943049343167,14.4128939711383,15,150,149,35.5,1,2
"4467",4.48151932570383e-05,17.7943049343167,14.4128939711383,15,150,149,2.5,0,2
"4468",4.48151932570383e-05,17.7943049343167,14.4128939711383,15,150,149,34.5,1,2
"4469",4.48151932570383e-05,17.7943049343167,14.4128939711383,15,150,149,34.5,1,2
"4470",4.48151932570383e-05,17.7943049343167,14.4128939711383,15,150,149,2.5,0,2
"4471",4.48151932570383e-05,17.7943049343167,14.4128939711383,15,150,149,34.5,1,2
"4472",4.48151932570383e-05,17.7943049343167,14.4128939711383,15,150,149,3.5,0,2
"4473",4.48151932570383e-05,17.7943049343167,14.4128939711383,15,150,149,33.5,1,2
"4474",4.48151932570383e-05,17.7943049343167,14.4128939711383,15,150,149,3.5,0,2
"4475",4.48151932570383e-05,17.7943049343167,14.4128939711383,15,150,149,33.5,1,2
"4476",4.48151932570383e-05,17.7943049343167,14.4128939711383,15,150,149,3.5,0,2
"4477",4.48151932570383e-05,17.7943049343167,14.4128939711383,15,150,149,33.5,1,2
"4478",4.48151932570383e-05,17.7943049343167,14.4128939711383,15,150,149,4.5,0,2
"4479",4.48151932570383e-05,17.7943049343167,14.4128939711383,15,150,149,32.5,1,2
"4480",4.48151932570383e-05,17.7943049343167,14.4128939711383,15,150,149,4.5,0,2
"4481",4.48151932570383e-05,17.7943049343167,14.4128939711383,15,150,149,32.5,1,2
"4482",4.48151932570383e-05,17.7943049343167,14.4128939711383,15,150,149,4.5,0,2
"4483",4.48151932570383e-05,17.7943049343167,14.4128939711383,15,150,149,32.5,1,2
"4484",4.48151932570383e-05,17.7943049343167,14.4128939711383,15,150,149,32.5,1,2
"4485",4.48151932570383e-05,17.7943049343167,14.4128939711383,15,150,149,5.5,0,2
"4486",4.48151932570383e-05,17.7943049343167,14.4128939711383,15,150,149,31.5,1,2
"4487",4.48151932570383e-05,17.7943049343167,14.4128939711383,15,150,149,5.5,1,2
"4488",4.48151932570383e-05,17.7943049343167,14.4128939711383,15,150,149,32.5,0,2
"4489",4.48151932570383e-05,17.7943049343167,14.4128939711383,15,150,149,3.5,0,2
"4490",4.48151932570383e-05,17.7943049343167,14.4128939711383,15,150,149,4.5,0,2
"4491",4.48151932570383e-05,17.7943049343167,14.4128939711383,15,150,149,33.5,0,2
"4492",4.48151932570383e-05,17.7943049343167,14.4128939711383,15,150,149,3.5,0,2
"4493",4.48151932570383e-05,17.7943049343167,14.4128939711383,15,150,149,34.5,1,2
"4494",4.48151932570383e-05,17.7943049343167,14.4128939711383,15,150,149,4.5,0,2
"4495",4.48151932570383e-05,17.7943049343167,14.4128939711383,15,150,149,33.5,1,2
"4496",4.48151932570383e-05,17.7943049343167,14.4128939711383,15,150,149,4.5,0,2
"4497",4.48151932570383e-05,17.7943049343167,14.4128939711383,15,150,149,33.5,1,2
"4498",4.48151932570383e-05,17.7943049343167,14.4128939711383,15,150,149,4.5,0,2
"4499",4.48151932570383e-05,17.7943049343167,14.4128939711383,15,150,149,33.5,1,2
"4500",4.48151932570383e-05,17.7943049343167,14.4128939711383,15,150,149,4.5,0,2
