"","lapse","alpha","beta","participant_id","trials","subs","X","resp","sessions"
"1",0.075037601532401,-14.0669263094011,5.91328312223348,1,10,9,-0.5,1,1
"2",0.075037601532401,-14.0669263094011,5.91328312223348,1,10,9,-23.5,0,1
"3",0.075037601532401,-14.0669263094011,5.91328312223348,1,10,9,-11.5,1,1
"4",0.075037601532401,-14.0669263094011,5.91328312223348,1,10,9,-19.5,0,1
"5",0.075037601532401,-14.0669263094011,5.91328312223348,1,10,9,-14.5,1,1
"6",0.075037601532401,-14.0669263094011,5.91328312223348,1,10,9,-21.5,0,1
"7",0.075037601532401,-14.0669263094011,5.91328312223348,1,10,9,-13.5,1,1
"8",0.075037601532401,-14.0669263094011,5.91328312223348,1,10,9,-17.5,0,1
"9",0.075037601532401,-14.0669263094011,5.91328312223348,1,10,9,-12.5,1,1
"10",0.075037601532401,-14.0669263094011,5.91328312223348,1,10,9,-18.5,0,1
"11",0.0109744949187431,-12.6461001340174,9.57072348760853,2,10,9,-0.5,1,1
"12",0.0109744949187431,-12.6461001340174,9.57072348760853,2,10,9,-23.5,0,1
"13",0.0109744949187431,-12.6461001340174,9.57072348760853,2,10,9,-11.5,1,1
"14",0.0109744949187431,-12.6461001340174,9.57072348760853,2,10,9,-19.5,1,1
"15",0.0109744949187431,-12.6461001340174,9.57072348760853,2,10,9,-28.5,0,1
"16",0.0109744949187431,-12.6461001340174,9.57072348760853,2,10,9,-25.5,0,1
"17",0.0109744949187431,-12.6461001340174,9.57072348760853,2,10,9,-17.5,0,1
"18",0.0109744949187431,-12.6461001340174,9.57072348760853,2,10,9,-9.5,1,1
"19",0.0109744949187431,-12.6461001340174,9.57072348760853,2,10,9,-10.5,0,1
"20",0.0109744949187431,-12.6461001340174,9.57072348760853,2,10,9,-4.5,1,1
"21",0.0866243070197815,-2.06655665596092,10.3194952162492,3,10,9,-0.5,0,1
"22",0.0866243070197815,-2.06655665596092,10.3194952162492,3,10,9,22.5,1,1
"23",0.0866243070197815,-2.06655665596092,10.3194952162492,3,10,9,10.5,1,1
"24",0.0866243070197815,-2.06655665596092,10.3194952162492,3,10,9,-1.5,0,1
"25",0.0866243070197815,-2.06655665596092,10.3194952162492,3,10,9,6.5,1,1
"26",0.0866243070197815,-2.06655665596092,10.3194952162492,3,10,9,2.5,0,1
"27",0.0866243070197815,-2.06655665596092,10.3194952162492,3,10,9,8.5,1,1
"28",0.0866243070197815,-2.06655665596092,10.3194952162492,3,10,9,0.5,0,1
"29",0.0866243070197815,-2.06655665596092,10.3194952162492,3,10,9,4.5,1,1
"30",0.0866243070197815,-2.06655665596092,10.3194952162492,3,10,9,0.5,1,1
"31",0.136929719515645,2.6043338151902,13.7015243516377,4,10,9,-0.5,0,1
"32",0.136929719515645,2.6043338151902,13.7015243516377,4,10,9,22.5,1,1
"33",0.136929719515645,2.6043338151902,13.7015243516377,4,10,9,10.5,1,1
"34",0.136929719515645,2.6043338151902,13.7015243516377,4,10,9,-1.5,1,1
"35",0.136929719515645,2.6043338151902,13.7015243516377,4,10,9,-13.5,0,1
"36",0.136929719515645,2.6043338151902,13.7015243516377,4,10,9,-7.5,0,1
"37",0.136929719515645,2.6043338151902,13.7015243516377,4,10,9,5.5,1,1
"38",0.136929719515645,2.6043338151902,13.7015243516377,4,10,9,-8.5,0,1
"39",0.136929719515645,2.6043338151902,13.7015243516377,4,10,9,5.5,0,1
"40",0.136929719515645,2.6043338151902,13.7015243516377,4,10,9,12.5,1,1
"41",0.000320322690403282,-14.8385083335691,13.7059837857621,5,10,9,-0.5,0,1
"42",0.000320322690403282,-14.8385083335691,13.7059837857621,5,10,9,22.5,1,1
"43",0.000320322690403282,-14.8385083335691,13.7059837857621,5,10,9,10.5,1,1
"44",0.000320322690403282,-14.8385083335691,13.7059837857621,5,10,9,-1.5,1,1
"45",0.000320322690403282,-14.8385083335691,13.7059837857621,5,10,9,-13.5,1,1
"46",0.000320322690403282,-14.8385083335691,13.7059837857621,5,10,9,-23.5,1,1
"47",0.000320322690403282,-14.8385083335691,13.7059837857621,5,10,9,-30.5,0,1
"48",0.000320322690403282,-14.8385083335691,13.7059837857621,5,10,9,-21.5,0,1
"49",0.000320322690403282,-14.8385083335691,13.7059837857621,5,10,9,-17.5,1,1
"50",0.000320322690403282,-14.8385083335691,13.7059837857621,5,10,9,-27.5,1,1
"51",0.000827974525184222,-4.03254179260785,13.731194933826,6,10,9,-0.5,1,1
"52",0.000827974525184222,-4.03254179260785,13.731194933826,6,10,9,-23.5,0,1
"53",0.000827974525184222,-4.03254179260785,13.731194933826,6,10,9,-11.5,0,1
"54",0.000827974525184222,-4.03254179260785,13.731194933826,6,10,9,0.5,1,1
"55",0.000827974525184222,-4.03254179260785,13.731194933826,6,10,9,-7.5,0,1
"56",0.000827974525184222,-4.03254179260785,13.731194933826,6,10,9,-3.5,0,1
"57",0.000827974525184222,-4.03254179260785,13.731194933826,6,10,9,3.5,1,1
"58",0.000827974525184222,-4.03254179260785,13.731194933826,6,10,9,2.5,1,1
"59",0.000827974525184222,-4.03254179260785,13.731194933826,6,10,9,-5.5,1,1
"60",0.000827974525184222,-4.03254179260785,13.731194933826,6,10,9,-12.5,1,1
"61",0.00166453011193199,-2.89933970859524,11.1482703163564,7,10,9,-0.5,1,1
"62",0.00166453011193199,-2.89933970859524,11.1482703163564,7,10,9,-23.5,0,1
"63",0.00166453011193199,-2.89933970859524,11.1482703163564,7,10,9,-11.5,0,1
"64",0.00166453011193199,-2.89933970859524,11.1482703163564,7,10,9,0.5,1,1
"65",0.00166453011193199,-2.89933970859524,11.1482703163564,7,10,9,-7.5,1,1
"66",0.00166453011193199,-2.89933970859524,11.1482703163564,7,10,9,-14.5,0,1
"67",0.00166453011193199,-2.89933970859524,11.1482703163564,7,10,9,-6.5,0,1
"68",0.00166453011193199,-2.89933970859524,11.1482703163564,7,10,9,0.5,0,1
"69",0.00166453011193199,-2.89933970859524,11.1482703163564,7,10,9,7.5,1,1
"70",0.00166453011193199,-2.89933970859524,11.1482703163564,7,10,9,6.5,1,1
"71",0.000694074730872537,-9.46814674507812,10.845948216838,8,10,9,-0.5,1,1
"72",0.000694074730872537,-9.46814674507812,10.845948216838,8,10,9,-23.5,0,1
"73",0.000694074730872537,-9.46814674507812,10.845948216838,8,10,9,-11.5,1,1
"74",0.000694074730872537,-9.46814674507812,10.845948216838,8,10,9,-19.5,0,1
"75",0.000694074730872537,-9.46814674507812,10.845948216838,8,10,9,-14.5,1,1
"76",0.000694074730872537,-9.46814674507812,10.845948216838,8,10,9,-21.5,0,1
"77",0.000694074730872537,-9.46814674507812,10.845948216838,8,10,9,-13.5,0,1
"78",0.000694074730872537,-9.46814674507812,10.845948216838,8,10,9,-6.5,0,1
"79",0.000694074730872537,-9.46814674507812,10.845948216838,8,10,9,0.5,1,1
"80",0.000694074730872537,-9.46814674507812,10.845948216838,8,10,9,-0.5,0,1
"81",0.000173004673722242,-19.770008603488,7.6766160450628,9,10,9,-0.5,1,1
"82",0.000173004673722242,-19.770008603488,7.6766160450628,9,10,9,-23.5,1,1
"83",0.000173004673722242,-19.770008603488,7.6766160450628,9,10,9,-34.5,0,1
"84",0.000173004673722242,-19.770008603488,7.6766160450628,9,10,9,-28.5,1,1
"85",0.000173004673722242,-19.770008603488,7.6766160450628,9,10,9,-36.5,0,1
"86",0.000173004673722242,-19.770008603488,7.6766160450628,9,10,9,-27.5,0,1
"87",0.000173004673722242,-19.770008603488,7.6766160450628,9,10,9,-20.5,0,1
"88",0.000173004673722242,-19.770008603488,7.6766160450628,9,10,9,-13.5,1,1
"89",0.000173004673722242,-19.770008603488,7.6766160450628,9,10,9,-15.5,1,1
"90",0.000173004673722242,-19.770008603488,7.6766160450628,9,10,9,-34.5,0,1
"91",0.0101566848804541,14.7791778994533,8.13571584236158,10,10,9,-0.5,0,1
"92",0.0101566848804541,14.7791778994533,8.13571584236158,10,10,9,22.5,1,1
"93",0.0101566848804541,14.7791778994533,8.13571584236158,10,10,9,10.5,0,1
"94",0.0101566848804541,14.7791778994533,8.13571584236158,10,10,9,18.5,1,1
"95",0.0101566848804541,14.7791778994533,8.13571584236158,10,10,9,13.5,0,1
"96",0.0101566848804541,14.7791778994533,8.13571584236158,10,10,9,20.5,1,1
"97",0.0101566848804541,14.7791778994533,8.13571584236158,10,10,9,12.5,0,1
"98",0.0101566848804541,14.7791778994533,8.13571584236158,10,10,9,16.5,0,1
"99",0.0101566848804541,14.7791778994533,8.13571584236158,10,10,9,21.5,0,1
"100",0.0101566848804541,14.7791778994533,8.13571584236158,10,10,9,28.5,1,1
"101",0.0176054525473753,-7.79678045826105,7.44531353032123,11,10,9,-0.5,1,1
"102",0.0176054525473753,-7.79678045826105,7.44531353032123,11,10,9,-23.5,0,1
"103",0.0176054525473753,-7.79678045826105,7.44531353032123,11,10,9,-11.5,1,1
"104",0.0176054525473753,-7.79678045826105,7.44531353032123,11,10,9,-19.5,0,1
"105",0.0176054525473753,-7.79678045826105,7.44531353032123,11,10,9,-14.5,0,1
"106",0.0176054525473753,-7.79678045826105,7.44531353032123,11,10,9,-6.5,1,1
"107",0.0176054525473753,-7.79678045826105,7.44531353032123,11,10,9,-9.5,0,1
"108",0.0176054525473753,-7.79678045826105,7.44531353032123,11,10,9,-2.5,1,1
"109",0.0176054525473753,-7.79678045826105,7.44531353032123,11,10,9,-17.5,0,1
"110",0.0176054525473753,-7.79678045826105,7.44531353032123,11,10,9,-2.5,1,1
"111",0.000173594301333734,-14.8840748134944,9.50258403195241,12,10,9,-0.5,1,1
"112",0.000173594301333734,-14.8840748134944,9.50258403195241,12,10,9,-23.5,1,1
"113",0.000173594301333734,-14.8840748134944,9.50258403195241,12,10,9,-34.5,0,1
"114",0.000173594301333734,-14.8840748134944,9.50258403195241,12,10,9,-28.5,0,1
"115",0.000173594301333734,-14.8840748134944,9.50258403195241,12,10,9,-19.5,1,1
"116",0.000173594301333734,-14.8840748134944,9.50258403195241,12,10,9,-30.5,0,1
"117",0.000173594301333734,-14.8840748134944,9.50258403195241,12,10,9,-21.5,0,1
"118",0.000173594301333734,-14.8840748134944,9.50258403195241,12,10,9,-14.5,0,1
"119",0.000173594301333734,-14.8840748134944,9.50258403195241,12,10,9,-7.5,0,1
"120",0.000173594301333734,-14.8840748134944,9.50258403195241,12,10,9,-1.5,1,1
"121",0.0148435874331302,-14.8211748671284,13.39031158291,13,10,9,-0.5,1,1
"122",0.0148435874331302,-14.8211748671284,13.39031158291,13,10,9,-23.5,0,1
"123",0.0148435874331302,-14.8211748671284,13.39031158291,13,10,9,-11.5,0,1
"124",0.0148435874331302,-14.8211748671284,13.39031158291,13,10,9,0.5,1,1
"125",0.0148435874331302,-14.8211748671284,13.39031158291,13,10,9,-7.5,1,1
"126",0.0148435874331302,-14.8211748671284,13.39031158291,13,10,9,-14.5,1,1
"127",0.0148435874331302,-14.8211748671284,13.39031158291,13,10,9,-23.5,0,1
"128",0.0148435874331302,-14.8211748671284,13.39031158291,13,10,9,-20.5,0,1
"129",0.0148435874331302,-14.8211748671284,13.39031158291,13,10,9,-5.5,0,1
"130",0.0148435874331302,-14.8211748671284,13.39031158291,13,10,9,0.5,1,1
"131",0.00938009530491588,-38.3853628956061,10.9993147553576,14,10,9,-0.5,1,1
"132",0.00938009530491588,-38.3853628956061,10.9993147553576,14,10,9,-23.5,1,1
"133",0.00938009530491588,-38.3853628956061,10.9993147553576,14,10,9,-34.5,0,1
"134",0.00938009530491588,-38.3853628956061,10.9993147553576,14,10,9,-28.5,1,1
"135",0.00938009530491588,-38.3853628956061,10.9993147553576,14,10,9,-36.5,1,1
"136",0.00938009530491588,-38.3853628956061,10.9993147553576,14,10,9,-41.5,1,1
"137",0.00938009530491588,-38.3853628956061,10.9993147553576,14,10,9,-33.5,0,1
"138",0.00938009530491588,-38.3853628956061,10.9993147553576,14,10,9,-45.5,0,1
"139",0.00938009530491588,-38.3853628956061,10.9993147553576,14,10,9,-26.5,1,1
"140",0.00938009530491588,-38.3853628956061,10.9993147553576,14,10,9,-47.5,0,1
"141",0.000247055623481445,-9.64554443332302,8.2031551889319,15,10,9,-0.5,1,1
"142",0.000247055623481445,-9.64554443332302,8.2031551889319,15,10,9,-23.5,0,1
"143",0.000247055623481445,-9.64554443332302,8.2031551889319,15,10,9,-11.5,0,1
"144",0.000247055623481445,-9.64554443332302,8.2031551889319,15,10,9,0.5,1,1
"145",0.000247055623481445,-9.64554443332302,8.2031551889319,15,10,9,-7.5,1,1
"146",0.000247055623481445,-9.64554443332302,8.2031551889319,15,10,9,-14.5,1,1
"147",0.000247055623481445,-9.64554443332302,8.2031551889319,15,10,9,-23.5,0,1
"148",0.000247055623481445,-9.64554443332302,8.2031551889319,15,10,9,-20.5,0,1
"149",0.000247055623481445,-9.64554443332302,8.2031551889319,15,10,9,-5.5,1,1
"150",0.000247055623481445,-9.64554443332302,8.2031551889319,15,10,9,-20.5,0,1
"151",0.000928913667334015,-8.14931734677641,9.27217388801971,16,10,9,-0.5,1,1
"152",0.000928913667334015,-8.14931734677641,9.27217388801971,16,10,9,-23.5,0,1
"153",0.000928913667334015,-8.14931734677641,9.27217388801971,16,10,9,-11.5,0,1
"154",0.000928913667334015,-8.14931734677641,9.27217388801971,16,10,9,0.5,1,1
"155",0.000928913667334015,-8.14931734677641,9.27217388801971,16,10,9,-7.5,1,1
"156",0.000928913667334015,-8.14931734677641,9.27217388801971,16,10,9,-14.5,0,1
"157",0.000928913667334015,-8.14931734677641,9.27217388801971,16,10,9,-6.5,1,1
"158",0.000928913667334015,-8.14931734677641,9.27217388801971,16,10,9,-13.5,0,1
"159",0.000928913667334015,-8.14931734677641,9.27217388801971,16,10,9,-9.5,0,1
"160",0.000928913667334015,-8.14931734677641,9.27217388801971,16,10,9,-5.5,1,1
"161",0.000261351492152066,-32.252536920127,14.1228683048241,17,10,9,-0.5,1,1
"162",0.000261351492152066,-32.252536920127,14.1228683048241,17,10,9,-23.5,1,1
"163",0.000261351492152066,-32.252536920127,14.1228683048241,17,10,9,-34.5,1,1
"164",0.000261351492152066,-32.252536920127,14.1228683048241,17,10,9,-40.5,1,1
"165",0.000261351492152066,-32.252536920127,14.1228683048241,17,10,9,-43.5,0,1
"166",0.000261351492152066,-32.252536920127,14.1228683048241,17,10,9,-37.5,0,1
"167",0.000261351492152066,-32.252536920127,14.1228683048241,17,10,9,-30.5,0,1
"168",0.000261351492152066,-32.252536920127,14.1228683048241,17,10,9,-25.5,1,1
"169",0.000261351492152066,-32.252536920127,14.1228683048241,17,10,9,-26.5,1,1
"170",0.000261351492152066,-32.252536920127,14.1228683048241,17,10,9,-46.5,0,1
"171",0.0166298212009021,-19.2395829830444,13.8163314028391,18,10,9,-0.5,0,1
"172",0.0166298212009021,-19.2395829830444,13.8163314028391,18,10,9,22.5,1,1
"173",0.0166298212009021,-19.2395829830444,13.8163314028391,18,10,9,10.5,1,1
"174",0.0166298212009021,-19.2395829830444,13.8163314028391,18,10,9,-1.5,1,1
"175",0.0166298212009021,-19.2395829830444,13.8163314028391,18,10,9,-13.5,0,1
"176",0.0166298212009021,-19.2395829830444,13.8163314028391,18,10,9,-7.5,1,1
"177",0.0166298212009021,-19.2395829830444,13.8163314028391,18,10,9,-15.5,0,1
"178",0.0166298212009021,-19.2395829830444,13.8163314028391,18,10,9,-11.5,1,1
"179",0.0166298212009021,-19.2395829830444,13.8163314028391,18,10,9,-18.5,1,1
"180",0.0166298212009021,-19.2395829830444,13.8163314028391,18,10,9,-23.5,0,1
"181",1.628978129895e-06,-11.1086167156925,8.5017229060086,19,10,9,-0.5,1,1
"182",1.628978129895e-06,-11.1086167156925,8.5017229060086,19,10,9,-23.5,0,1
"183",1.628978129895e-06,-11.1086167156925,8.5017229060086,19,10,9,-11.5,1,1
"184",1.628978129895e-06,-11.1086167156925,8.5017229060086,19,10,9,-19.5,0,1
"185",1.628978129895e-06,-11.1086167156925,8.5017229060086,19,10,9,-14.5,0,1
"186",1.628978129895e-06,-11.1086167156925,8.5017229060086,19,10,9,-6.5,1,1
"187",1.628978129895e-06,-11.1086167156925,8.5017229060086,19,10,9,-9.5,0,1
"188",1.628978129895e-06,-11.1086167156925,8.5017229060086,19,10,9,-2.5,1,1
"189",1.628978129895e-06,-11.1086167156925,8.5017229060086,19,10,9,-17.5,0,1
"190",1.628978129895e-06,-11.1086167156925,8.5017229060086,19,10,9,-2.5,0,1
"191",1.03348769540253e-05,-14.7792476301964,7.9650761827619,20,10,9,-0.5,1,1
"192",1.03348769540253e-05,-14.7792476301964,7.9650761827619,20,10,9,-23.5,0,1
"193",1.03348769540253e-05,-14.7792476301964,7.9650761827619,20,10,9,-11.5,1,1
"194",1.03348769540253e-05,-14.7792476301964,7.9650761827619,20,10,9,-19.5,0,1
"195",1.03348769540253e-05,-14.7792476301964,7.9650761827619,20,10,9,-14.5,0,1
"196",1.03348769540253e-05,-14.7792476301964,7.9650761827619,20,10,9,-6.5,1,1
"197",1.03348769540253e-05,-14.7792476301964,7.9650761827619,20,10,9,-9.5,1,1
"198",1.03348769540253e-05,-14.7792476301964,7.9650761827619,20,10,9,-17.5,0,1
"199",1.03348769540253e-05,-14.7792476301964,7.9650761827619,20,10,9,-10.5,0,1
"200",1.03348769540253e-05,-14.7792476301964,7.9650761827619,20,10,9,-4.5,0,1
"201",9.48093022348242e-05,2.40585203759468,7.6319653178376,21,10,9,-0.5,1,1
"202",9.48093022348242e-05,2.40585203759468,7.6319653178376,21,10,9,-23.5,0,1
"203",9.48093022348242e-05,2.40585203759468,7.6319653178376,21,10,9,-11.5,0,1
"204",9.48093022348242e-05,2.40585203759468,7.6319653178376,21,10,9,0.5,0,1
"205",9.48093022348242e-05,2.40585203759468,7.6319653178376,21,10,9,12.5,1,1
"206",9.48093022348242e-05,2.40585203759468,7.6319653178376,21,10,9,6.5,1,1
"207",9.48093022348242e-05,2.40585203759468,7.6319653178376,21,10,9,-6.5,0,1
"208",9.48093022348242e-05,2.40585203759468,7.6319653178376,21,10,9,7.5,1,1
"209",9.48093022348242e-05,2.40585203759468,7.6319653178376,21,10,9,-6.5,0,1
"210",9.48093022348242e-05,2.40585203759468,7.6319653178376,21,10,9,6.5,1,1
"211",0.000359858322002914,-15.712828463146,13.1883412272068,22,10,9,-0.5,1,1
"212",0.000359858322002914,-15.712828463146,13.1883412272068,22,10,9,-23.5,0,1
"213",0.000359858322002914,-15.712828463146,13.1883412272068,22,10,9,-11.5,1,1
"214",0.000359858322002914,-15.712828463146,13.1883412272068,22,10,9,-19.5,0,1
"215",0.000359858322002914,-15.712828463146,13.1883412272068,22,10,9,-14.5,1,1
"216",0.000359858322002914,-15.712828463146,13.1883412272068,22,10,9,-21.5,0,1
"217",0.000359858322002914,-15.712828463146,13.1883412272068,22,10,9,-13.5,1,1
"218",0.000359858322002914,-15.712828463146,13.1883412272068,22,10,9,-17.5,0,1
"219",0.000359858322002914,-15.712828463146,13.1883412272068,22,10,9,-12.5,1,1
"220",0.000359858322002914,-15.712828463146,13.1883412272068,22,10,9,-18.5,1,1
"221",0.000380670527767864,-7.49369643099171,8.04760064238937,23,10,9,-0.5,1,1
"222",0.000380670527767864,-7.49369643099171,8.04760064238937,23,10,9,-23.5,0,1
"223",0.000380670527767864,-7.49369643099171,8.04760064238937,23,10,9,-11.5,0,1
"224",0.000380670527767864,-7.49369643099171,8.04760064238937,23,10,9,0.5,1,1
"225",0.000380670527767864,-7.49369643099171,8.04760064238937,23,10,9,-7.5,1,1
"226",0.000380670527767864,-7.49369643099171,8.04760064238937,23,10,9,-14.5,0,1
"227",0.000380670527767864,-7.49369643099171,8.04760064238937,23,10,9,-6.5,0,1
"228",0.000380670527767864,-7.49369643099171,8.04760064238937,23,10,9,0.5,0,1
"229",0.000380670527767864,-7.49369643099171,8.04760064238937,23,10,9,7.5,1,1
"230",0.000380670527767864,-7.49369643099171,8.04760064238937,23,10,9,6.5,1,1
"231",0.197712401634938,-5.22969523087954,7.38488219882222,24,10,9,-0.5,0,1
"232",0.197712401634938,-5.22969523087954,7.38488219882222,24,10,9,22.5,0,1
"233",0.197712401634938,-5.22969523087954,7.38488219882222,24,10,9,34.5,1,1
"234",0.197712401634938,-5.22969523087954,7.38488219882222,24,10,9,27.5,1,1
"235",0.197712401634938,-5.22969523087954,7.38488219882222,24,10,9,19.5,1,1
"236",0.197712401634938,-5.22969523087954,7.38488219882222,24,10,9,10.5,1,1
"237",0.197712401634938,-5.22969523087954,7.38488219882222,24,10,9,4.5,0,1
"238",0.197712401634938,-5.22969523087954,7.38488219882222,24,10,9,10.5,1,1
"239",0.197712401634938,-5.22969523087954,7.38488219882222,24,10,9,1.5,1,1
"240",0.197712401634938,-5.22969523087954,7.38488219882222,24,10,9,-4.5,0,1
"241",0.000325877439633428,-13.2690305624205,15.2349718352938,25,10,9,-0.5,1,1
"242",0.000325877439633428,-13.2690305624205,15.2349718352938,25,10,9,-23.5,0,1
"243",0.000325877439633428,-13.2690305624205,15.2349718352938,25,10,9,-11.5,0,1
"244",0.000325877439633428,-13.2690305624205,15.2349718352938,25,10,9,0.5,0,1
"245",0.000325877439633428,-13.2690305624205,15.2349718352938,25,10,9,12.5,1,1
"246",0.000325877439633428,-13.2690305624205,15.2349718352938,25,10,9,6.5,1,1
"247",0.000325877439633428,-13.2690305624205,15.2349718352938,25,10,9,-6.5,1,1
"248",0.000325877439633428,-13.2690305624205,15.2349718352938,25,10,9,-13.5,0,1
"249",0.000325877439633428,-13.2690305624205,15.2349718352938,25,10,9,-12.5,1,1
"250",0.000325877439633428,-13.2690305624205,15.2349718352938,25,10,9,-18.5,0,1
"251",0.000142272374573961,-9.40456601975025,6.63349052250143,26,10,9,-0.5,1,1
"252",0.000142272374573961,-9.40456601975025,6.63349052250143,26,10,9,-23.5,0,1
"253",0.000142272374573961,-9.40456601975025,6.63349052250143,26,10,9,-11.5,0,1
"254",0.000142272374573961,-9.40456601975025,6.63349052250143,26,10,9,0.5,1,1
"255",0.000142272374573961,-9.40456601975025,6.63349052250143,26,10,9,-7.5,1,1
"256",0.000142272374573961,-9.40456601975025,6.63349052250143,26,10,9,-14.5,0,1
"257",0.000142272374573961,-9.40456601975025,6.63349052250143,26,10,9,-6.5,0,1
"258",0.000142272374573961,-9.40456601975025,6.63349052250143,26,10,9,0.5,1,1
"259",0.000142272374573961,-9.40456601975025,6.63349052250143,26,10,9,-13.5,0,1
"260",0.000142272374573961,-9.40456601975025,6.63349052250143,26,10,9,-0.5,1,1
"261",5.35168393873661e-05,-31.5119681925817,11.4582310168579,27,10,9,-0.5,1,1
"262",5.35168393873661e-05,-31.5119681925817,11.4582310168579,27,10,9,-23.5,1,1
"263",5.35168393873661e-05,-31.5119681925817,11.4582310168579,27,10,9,-34.5,0,1
"264",5.35168393873661e-05,-31.5119681925817,11.4582310168579,27,10,9,-28.5,1,1
"265",5.35168393873661e-05,-31.5119681925817,11.4582310168579,27,10,9,-36.5,1,1
"266",5.35168393873661e-05,-31.5119681925817,11.4582310168579,27,10,9,-41.5,1,1
"267",5.35168393873661e-05,-31.5119681925817,11.4582310168579,27,10,9,-33.5,1,1
"268",5.35168393873661e-05,-31.5119681925817,11.4582310168579,27,10,9,-44.5,1,1
"269",5.35168393873661e-05,-31.5119681925817,11.4582310168579,27,10,9,-35.5,0,1
"270",5.35168393873661e-05,-31.5119681925817,11.4582310168579,27,10,9,-29.5,0,1
"271",0.00576596047056817,-25.5765633091609,7.35348947463782,28,10,9,-0.5,1,1
"272",0.00576596047056817,-25.5765633091609,7.35348947463782,28,10,9,-23.5,1,1
"273",0.00576596047056817,-25.5765633091609,7.35348947463782,28,10,9,-34.5,0,1
"274",0.00576596047056817,-25.5765633091609,7.35348947463782,28,10,9,-28.5,0,1
"275",0.00576596047056817,-25.5765633091609,7.35348947463782,28,10,9,-19.5,1,1
"276",0.00576596047056817,-25.5765633091609,7.35348947463782,28,10,9,-30.5,1,1
"277",0.00576596047056817,-25.5765633091609,7.35348947463782,28,10,9,-37.5,0,1
"278",0.00576596047056817,-25.5765633091609,7.35348947463782,28,10,9,-36.5,0,1
"279",0.00576596047056817,-25.5765633091609,7.35348947463782,28,10,9,-21.5,0,1
"280",0.00576596047056817,-25.5765633091609,7.35348947463782,28,10,9,-14.5,1,1
"281",0.00366150829149301,-4.99240093316212,7.161409857331,29,10,9,-0.5,1,1
"282",0.00366150829149301,-4.99240093316212,7.161409857331,29,10,9,-23.5,0,1
"283",0.00366150829149301,-4.99240093316212,7.161409857331,29,10,9,-11.5,0,1
"284",0.00366150829149301,-4.99240093316212,7.161409857331,29,10,9,0.5,1,1
"285",0.00366150829149301,-4.99240093316212,7.161409857331,29,10,9,-7.5,0,1
"286",0.00366150829149301,-4.99240093316212,7.161409857331,29,10,9,-3.5,1,1
"287",0.00366150829149301,-4.99240093316212,7.161409857331,29,10,9,-9.5,0,1
"288",0.00366150829149301,-4.99240093316212,7.161409857331,29,10,9,-1.5,1,1
"289",0.00366150829149301,-4.99240093316212,7.161409857331,29,10,9,-5.5,1,1
"290",0.00366150829149301,-4.99240093316212,7.161409857331,29,10,9,-10.5,1,1
"291",6.48815699795441e-05,-12.5231191262369,8.62001004993224,30,10,9,-0.5,1,1
"292",6.48815699795441e-05,-12.5231191262369,8.62001004993224,30,10,9,-23.5,0,1
"293",6.48815699795441e-05,-12.5231191262369,8.62001004993224,30,10,9,-11.5,0,1
"294",6.48815699795441e-05,-12.5231191262369,8.62001004993224,30,10,9,0.5,1,1
"295",6.48815699795441e-05,-12.5231191262369,8.62001004993224,30,10,9,-7.5,1,1
"296",6.48815699795441e-05,-12.5231191262369,8.62001004993224,30,10,9,-14.5,0,1
"297",6.48815699795441e-05,-12.5231191262369,8.62001004993224,30,10,9,-6.5,1,1
"298",6.48815699795441e-05,-12.5231191262369,8.62001004993224,30,10,9,-13.5,0,1
"299",6.48815699795441e-05,-12.5231191262369,8.62001004993224,30,10,9,-9.5,1,1
"300",6.48815699795441e-05,-12.5231191262369,8.62001004993224,30,10,9,-14.5,1,1
"301",0.000231315420408442,-26.9721704274166,11.620957839882,31,10,9,-0.5,1,1
"302",0.000231315420408442,-26.9721704274166,11.620957839882,31,10,9,-23.5,0,1
"303",0.000231315420408442,-26.9721704274166,11.620957839882,31,10,9,-11.5,1,1
"304",0.000231315420408442,-26.9721704274166,11.620957839882,31,10,9,-19.5,1,1
"305",0.000231315420408442,-26.9721704274166,11.620957839882,31,10,9,-28.5,1,1
"306",0.000231315420408442,-26.9721704274166,11.620957839882,31,10,9,-35.5,0,1
"307",0.000231315420408442,-26.9721704274166,11.620957839882,31,10,9,-34.5,0,1
"308",0.000231315420408442,-26.9721704274166,11.620957839882,31,10,9,-32.5,0,1
"309",0.000231315420408442,-26.9721704274166,11.620957839882,31,10,9,-17.5,0,1
"310",0.000231315420408442,-26.9721704274166,11.620957839882,31,10,9,-11.5,1,1
"311",0.00744802082480785,-5.71617229959046,13.3370876287362,32,10,9,-0.5,0,1
"312",0.00744802082480785,-5.71617229959046,13.3370876287362,32,10,9,22.5,1,1
"313",0.00744802082480785,-5.71617229959046,13.3370876287362,32,10,9,10.5,1,1
"314",0.00744802082480785,-5.71617229959046,13.3370876287362,32,10,9,-1.5,0,1
"315",0.00744802082480785,-5.71617229959046,13.3370876287362,32,10,9,6.5,1,1
"316",0.00744802082480785,-5.71617229959046,13.3370876287362,32,10,9,2.5,1,1
"317",0.00744802082480785,-5.71617229959046,13.3370876287362,32,10,9,-4.5,0,1
"318",0.00744802082480785,-5.71617229959046,13.3370876287362,32,10,9,-3.5,0,1
"319",0.00744802082480785,-5.71617229959046,13.3370876287362,32,10,9,4.5,1,1
"320",0.00744802082480785,-5.71617229959046,13.3370876287362,32,10,9,3.5,1,1
"321",0.00122566524053316,-11.2676868855808,10.3861080364046,33,10,9,-0.5,1,1
"322",0.00122566524053316,-11.2676868855808,10.3861080364046,33,10,9,-23.5,0,1
"323",0.00122566524053316,-11.2676868855808,10.3861080364046,33,10,9,-11.5,1,1
"324",0.00122566524053316,-11.2676868855808,10.3861080364046,33,10,9,-19.5,0,1
"325",0.00122566524053316,-11.2676868855808,10.3861080364046,33,10,9,-14.5,0,1
"326",0.00122566524053316,-11.2676868855808,10.3861080364046,33,10,9,-6.5,1,1
"327",0.00122566524053316,-11.2676868855808,10.3861080364046,33,10,9,-9.5,0,1
"328",0.00122566524053316,-11.2676868855808,10.3861080364046,33,10,9,-2.5,1,1
"329",0.00122566524053316,-11.2676868855808,10.3861080364046,33,10,9,-17.5,1,1
"330",0.00122566524053316,-11.2676868855808,10.3861080364046,33,10,9,-23.5,0,1
"331",0.00174573033921934,-4.78369875914102,11.4007741751809,34,10,9,-0.5,1,1
"332",0.00174573033921934,-4.78369875914102,11.4007741751809,34,10,9,-23.5,0,1
"333",0.00174573033921934,-4.78369875914102,11.4007741751809,34,10,9,-11.5,0,1
"334",0.00174573033921934,-4.78369875914102,11.4007741751809,34,10,9,0.5,1,1
"335",0.00174573033921934,-4.78369875914102,11.4007741751809,34,10,9,-7.5,0,1
"336",0.00174573033921934,-4.78369875914102,11.4007741751809,34,10,9,-3.5,0,1
"337",0.00174573033921934,-4.78369875914102,11.4007741751809,34,10,9,3.5,1,1
"338",0.00174573033921934,-4.78369875914102,11.4007741751809,34,10,9,2.5,1,1
"339",0.00174573033921934,-4.78369875914102,11.4007741751809,34,10,9,-5.5,1,1
"340",0.00174573033921934,-4.78369875914102,11.4007741751809,34,10,9,-12.5,0,1
"341",4.63688720960285e-05,-23.6291051041391,7.0738245175588,35,10,9,-0.5,1,1
"342",4.63688720960285e-05,-23.6291051041391,7.0738245175588,35,10,9,-23.5,0,1
"343",4.63688720960285e-05,-23.6291051041391,7.0738245175588,35,10,9,-11.5,1,1
"344",4.63688720960285e-05,-23.6291051041391,7.0738245175588,35,10,9,-19.5,1,1
"345",4.63688720960285e-05,-23.6291051041391,7.0738245175588,35,10,9,-28.5,1,1
"346",4.63688720960285e-05,-23.6291051041391,7.0738245175588,35,10,9,-35.5,0,1
"347",4.63688720960285e-05,-23.6291051041391,7.0738245175588,35,10,9,-34.5,0,1
"348",4.63688720960285e-05,-23.6291051041391,7.0738245175588,35,10,9,-32.5,0,1
"349",4.63688720960285e-05,-23.6291051041391,7.0738245175588,35,10,9,-17.5,1,1
"350",4.63688720960285e-05,-23.6291051041391,7.0738245175588,35,10,9,-34.5,0,1
"351",0.00334358341564447,5.75683840583029,11.0171266396441,36,10,9,-0.5,0,1
"352",0.00334358341564447,5.75683840583029,11.0171266396441,36,10,9,22.5,1,1
"353",0.00334358341564447,5.75683840583029,11.0171266396441,36,10,9,10.5,1,1
"354",0.00334358341564447,5.75683840583029,11.0171266396441,36,10,9,-1.5,0,1
"355",0.00334358341564447,5.75683840583029,11.0171266396441,36,10,9,6.5,0,1
"356",0.00334358341564447,5.75683840583029,11.0171266396441,36,10,9,13.5,1,1
"357",0.00334358341564447,5.75683840583029,11.0171266396441,36,10,9,5.5,0,1
"358",0.00334358341564447,5.75683840583029,11.0171266396441,36,10,9,12.5,1,1
"359",0.00334358341564447,5.75683840583029,11.0171266396441,36,10,9,8.5,0,1
"360",0.00334358341564447,5.75683840583029,11.0171266396441,36,10,9,13.5,0,1
"361",0.00040235670998387,8.73202760668634,6.84926035450481,37,10,9,-0.5,0,1
"362",0.00040235670998387,8.73202760668634,6.84926035450481,37,10,9,22.5,1,1
"363",0.00040235670998387,8.73202760668634,6.84926035450481,37,10,9,10.5,0,1
"364",0.00040235670998387,8.73202760668634,6.84926035450481,37,10,9,18.5,1,1
"365",0.00040235670998387,8.73202760668634,6.84926035450481,37,10,9,13.5,0,1
"366",0.00040235670998387,8.73202760668634,6.84926035450481,37,10,9,20.5,1,1
"367",0.00040235670998387,8.73202760668634,6.84926035450481,37,10,9,12.5,1,1
"368",0.00040235670998387,8.73202760668634,6.84926035450481,37,10,9,5.5,1,1
"369",0.00040235670998387,8.73202760668634,6.84926035450481,37,10,9,-1.5,0,1
"370",0.00040235670998387,8.73202760668634,6.84926035450481,37,10,9,-0.5,0,1
"371",0.00283750071771318,-5.86233496648291,11.5627522698087,38,10,9,-0.5,1,1
"372",0.00283750071771318,-5.86233496648291,11.5627522698087,38,10,9,-23.5,0,1
"373",0.00283750071771318,-5.86233496648291,11.5627522698087,38,10,9,-11.5,1,1
"374",0.00283750071771318,-5.86233496648291,11.5627522698087,38,10,9,-19.5,0,1
"375",0.00283750071771318,-5.86233496648291,11.5627522698087,38,10,9,-14.5,0,1
"376",0.00283750071771318,-5.86233496648291,11.5627522698087,38,10,9,-6.5,1,1
"377",0.00283750071771318,-5.86233496648291,11.5627522698087,38,10,9,-9.5,0,1
"378",0.00283750071771318,-5.86233496648291,11.5627522698087,38,10,9,-2.5,1,1
"379",0.00283750071771318,-5.86233496648291,11.5627522698087,38,10,9,-17.5,0,1
"380",0.00283750071771318,-5.86233496648291,11.5627522698087,38,10,9,-2.5,0,1
"381",0.00258622057892842,-8.96678301123606,6.22706426664158,39,10,9,-0.5,1,1
"382",0.00258622057892842,-8.96678301123606,6.22706426664158,39,10,9,-23.5,0,1
"383",0.00258622057892842,-8.96678301123606,6.22706426664158,39,10,9,-11.5,1,1
"384",0.00258622057892842,-8.96678301123606,6.22706426664158,39,10,9,-19.5,0,1
"385",0.00258622057892842,-8.96678301123606,6.22706426664158,39,10,9,-14.5,0,1
"386",0.00258622057892842,-8.96678301123606,6.22706426664158,39,10,9,-6.5,1,1
"387",0.00258622057892842,-8.96678301123606,6.22706426664158,39,10,9,-9.5,1,1
"388",0.00258622057892842,-8.96678301123606,6.22706426664158,39,10,9,-17.5,1,1
"389",0.00258622057892842,-8.96678301123606,6.22706426664158,39,10,9,-25.5,0,1
"390",0.00258622057892842,-8.96678301123606,6.22706426664158,39,10,9,-23.5,0,1
"391",0.0344462508859354,-13.5973718268822,9.23224051373393,40,10,9,-0.5,0,1
"392",0.0344462508859354,-13.5973718268822,9.23224051373393,40,10,9,22.5,1,1
"393",0.0344462508859354,-13.5973718268822,9.23224051373393,40,10,9,10.5,1,1
"394",0.0344462508859354,-13.5973718268822,9.23224051373393,40,10,9,-1.5,1,1
"395",0.0344462508859354,-13.5973718268822,9.23224051373393,40,10,9,-13.5,0,1
"396",0.0344462508859354,-13.5973718268822,9.23224051373393,40,10,9,-7.5,1,1
"397",0.0344462508859354,-13.5973718268822,9.23224051373393,40,10,9,-15.5,0,1
"398",0.0344462508859354,-13.5973718268822,9.23224051373393,40,10,9,-11.5,0,1
"399",0.0344462508859354,-13.5973718268822,9.23224051373393,40,10,9,4.5,1,1
"400",0.0344462508859354,-13.5973718268822,9.23224051373393,40,10,9,-14.5,0,1
"401",0.000171753480709987,-9.4044438654977,9.56315367443979,41,10,9,-0.5,1,1
"402",0.000171753480709987,-9.4044438654977,9.56315367443979,41,10,9,-23.5,0,1
"403",0.000171753480709987,-9.4044438654977,9.56315367443979,41,10,9,-11.5,1,1
"404",0.000171753480709987,-9.4044438654977,9.56315367443979,41,10,9,-19.5,1,1
"405",0.000171753480709987,-9.4044438654977,9.56315367443979,41,10,9,-28.5,0,1
"406",0.000171753480709987,-9.4044438654977,9.56315367443979,41,10,9,-25.5,0,1
"407",0.000171753480709987,-9.4044438654977,9.56315367443979,41,10,9,-17.5,0,1
"408",0.000171753480709987,-9.4044438654977,9.56315367443979,41,10,9,-9.5,1,1
"409",0.000171753480709987,-9.4044438654977,9.56315367443979,41,10,9,-10.5,0,1
"410",0.000171753480709987,-9.4044438654977,9.56315367443979,41,10,9,-4.5,1,1
"411",0.00189732078514723,-4.003265975701,6.03713880761346,42,10,9,-0.5,1,1
"412",0.00189732078514723,-4.003265975701,6.03713880761346,42,10,9,-23.5,0,1
"413",0.00189732078514723,-4.003265975701,6.03713880761346,42,10,9,-11.5,0,1
"414",0.00189732078514723,-4.003265975701,6.03713880761346,42,10,9,0.5,1,1
"415",0.00189732078514723,-4.003265975701,6.03713880761346,42,10,9,-7.5,0,1
"416",0.00189732078514723,-4.003265975701,6.03713880761346,42,10,9,-3.5,1,1
"417",0.00189732078514723,-4.003265975701,6.03713880761346,42,10,9,-9.5,1,1
"418",0.00189732078514723,-4.003265975701,6.03713880761346,42,10,9,-16.5,0,1
"419",0.00189732078514723,-4.003265975701,6.03713880761346,42,10,9,-15.5,0,1
"420",0.00189732078514723,-4.003265975701,6.03713880761346,42,10,9,-0.5,1,1
"421",0.00843057782901883,-23.5039003354921,9.93376184941474,43,10,9,-0.5,1,1
"422",0.00843057782901883,-23.5039003354921,9.93376184941474,43,10,9,-23.5,1,1
"423",0.00843057782901883,-23.5039003354921,9.93376184941474,43,10,9,-34.5,0,1
"424",0.00843057782901883,-23.5039003354921,9.93376184941474,43,10,9,-28.5,1,1
"425",0.00843057782901883,-23.5039003354921,9.93376184941474,43,10,9,-36.5,0,1
"426",0.00843057782901883,-23.5039003354921,9.93376184941474,43,10,9,-27.5,1,1
"427",0.00843057782901883,-23.5039003354921,9.93376184941474,43,10,9,-35.5,0,1
"428",0.00843057782901883,-23.5039003354921,9.93376184941474,43,10,9,-31.5,1,1
"429",0.00843057782901883,-23.5039003354921,9.93376184941474,43,10,9,-36.5,0,1
"430",0.00843057782901883,-23.5039003354921,9.93376184941474,43,10,9,-30.5,0,1
"431",0.0152860220640907,-13.1716120619658,10.8401664593824,44,10,9,-0.5,1,1
"432",0.0152860220640907,-13.1716120619658,10.8401664593824,44,10,9,-23.5,0,1
"433",0.0152860220640907,-13.1716120619658,10.8401664593824,44,10,9,-11.5,1,1
"434",0.0152860220640907,-13.1716120619658,10.8401664593824,44,10,9,-19.5,0,1
"435",0.0152860220640907,-13.1716120619658,10.8401664593824,44,10,9,-14.5,1,1
"436",0.0152860220640907,-13.1716120619658,10.8401664593824,44,10,9,-21.5,0,1
"437",0.0152860220640907,-13.1716120619658,10.8401664593824,44,10,9,-13.5,1,1
"438",0.0152860220640907,-13.1716120619658,10.8401664593824,44,10,9,-17.5,1,1
"439",0.0152860220640907,-13.1716120619658,10.8401664593824,44,10,9,-22.5,0,1
"440",0.0152860220640907,-13.1716120619658,10.8401664593824,44,10,9,-21.5,1,1
"441",0.00301201080183672,-4.16569795120042,11.0034061391032,45,10,9,-0.5,0,1
"442",0.00301201080183672,-4.16569795120042,11.0034061391032,45,10,9,22.5,1,1
"443",0.00301201080183672,-4.16569795120042,11.0034061391032,45,10,9,10.5,1,1
"444",0.00301201080183672,-4.16569795120042,11.0034061391032,45,10,9,-1.5,1,1
"445",0.00301201080183672,-4.16569795120042,11.0034061391032,45,10,9,-13.5,0,1
"446",0.00301201080183672,-4.16569795120042,11.0034061391032,45,10,9,-7.5,0,1
"447",0.00301201080183672,-4.16569795120042,11.0034061391032,45,10,9,5.5,0,1
"448",0.00301201080183672,-4.16569795120042,11.0034061391032,45,10,9,12.5,1,1
"449",0.00301201080183672,-4.16569795120042,11.0034061391032,45,10,9,11.5,1,1
"450",0.00301201080183672,-4.16569795120042,11.0034061391032,45,10,9,-6.5,1,1
"451",0.00836787804944862,-8.0909089163819,8.063635379079,46,10,9,-0.5,0,1
"452",0.00836787804944862,-8.0909089163819,8.063635379079,46,10,9,22.5,1,1
"453",0.00836787804944862,-8.0909089163819,8.063635379079,46,10,9,10.5,1,1
"454",0.00836787804944862,-8.0909089163819,8.063635379079,46,10,9,-1.5,1,1
"455",0.00836787804944862,-8.0909089163819,8.063635379079,46,10,9,-13.5,0,1
"456",0.00836787804944862,-8.0909089163819,8.063635379079,46,10,9,-7.5,1,1
"457",0.00836787804944862,-8.0909089163819,8.063635379079,46,10,9,-15.5,0,1
"458",0.00836787804944862,-8.0909089163819,8.063635379079,46,10,9,-11.5,1,1
"459",0.00836787804944862,-8.0909089163819,8.063635379079,46,10,9,-18.5,0,1
"460",0.00836787804944862,-8.0909089163819,8.063635379079,46,10,9,-17.5,0,1
"461",0.00133385688577234,-1.56058382840927,9.77375897092796,47,10,9,-0.5,1,1
"462",0.00133385688577234,-1.56058382840927,9.77375897092796,47,10,9,-23.5,0,1
"463",0.00133385688577234,-1.56058382840927,9.77375897092796,47,10,9,-11.5,0,1
"464",0.00133385688577234,-1.56058382840927,9.77375897092796,47,10,9,0.5,1,1
"465",0.00133385688577234,-1.56058382840927,9.77375897092796,47,10,9,-7.5,0,1
"466",0.00133385688577234,-1.56058382840927,9.77375897092796,47,10,9,-3.5,0,1
"467",0.00133385688577234,-1.56058382840927,9.77375897092796,47,10,9,3.5,1,1
"468",0.00133385688577234,-1.56058382840927,9.77375897092796,47,10,9,2.5,1,1
"469",0.00133385688577234,-1.56058382840927,9.77375897092796,47,10,9,-5.5,0,1
"470",0.00133385688577234,-1.56058382840927,9.77375897092796,47,10,9,-4.5,1,1
"471",0.000784629037089889,-8.48390089335139,9.16576436454162,48,10,9,-0.5,1,1
"472",0.000784629037089889,-8.48390089335139,9.16576436454162,48,10,9,-23.5,0,1
"473",0.000784629037089889,-8.48390089335139,9.16576436454162,48,10,9,-11.5,1,1
"474",0.000784629037089889,-8.48390089335139,9.16576436454162,48,10,9,-19.5,0,1
"475",0.000784629037089889,-8.48390089335139,9.16576436454162,48,10,9,-14.5,1,1
"476",0.000784629037089889,-8.48390089335139,9.16576436454162,48,10,9,-21.5,0,1
"477",0.000784629037089889,-8.48390089335139,9.16576436454162,48,10,9,-13.5,0,1
"478",0.000784629037089889,-8.48390089335139,9.16576436454162,48,10,9,-6.5,0,1
"479",0.000784629037089889,-8.48390089335139,9.16576436454162,48,10,9,0.5,0,1
"480",0.000784629037089889,-8.48390089335139,9.16576436454162,48,10,9,6.5,1,1
"481",1.58413100728718e-05,-9.01390771346848,7.25870111883333,49,10,9,-0.5,1,1
"482",1.58413100728718e-05,-9.01390771346848,7.25870111883333,49,10,9,-23.5,0,1
"483",1.58413100728718e-05,-9.01390771346848,7.25870111883333,49,10,9,-11.5,0,1
"484",1.58413100728718e-05,-9.01390771346848,7.25870111883333,49,10,9,0.5,0,1
"485",1.58413100728718e-05,-9.01390771346848,7.25870111883333,49,10,9,12.5,1,1
"486",1.58413100728718e-05,-9.01390771346848,7.25870111883333,49,10,9,6.5,1,1
"487",1.58413100728718e-05,-9.01390771346848,7.25870111883333,49,10,9,-6.5,1,1
"488",1.58413100728718e-05,-9.01390771346848,7.25870111883333,49,10,9,-13.5,0,1
"489",1.58413100728718e-05,-9.01390771346848,7.25870111883333,49,10,9,-12.5,0,1
"490",1.58413100728718e-05,-9.01390771346848,7.25870111883333,49,10,9,5.5,1,1
"491",4.15975475321973e-06,-16.2013370496246,6.12567623148461,50,10,9,-0.5,1,1
"492",4.15975475321973e-06,-16.2013370496246,6.12567623148461,50,10,9,-23.5,0,1
"493",4.15975475321973e-06,-16.2013370496246,6.12567623148461,50,10,9,-11.5,1,1
"494",4.15975475321973e-06,-16.2013370496246,6.12567623148461,50,10,9,-19.5,1,1
"495",4.15975475321973e-06,-16.2013370496246,6.12567623148461,50,10,9,-28.5,0,1
"496",4.15975475321973e-06,-16.2013370496246,6.12567623148461,50,10,9,-25.5,0,1
"497",4.15975475321973e-06,-16.2013370496246,6.12567623148461,50,10,9,-17.5,1,1
"498",4.15975475321973e-06,-16.2013370496246,6.12567623148461,50,10,9,-25.5,1,1
"499",4.15975475321973e-06,-16.2013370496246,6.12567623148461,50,10,9,-32.5,0,1
"500",4.15975475321973e-06,-16.2013370496246,6.12567623148461,50,10,9,-31.5,0,1
"501",0.000123164872515213,18.005161034372,10.5391755676777,51,10,9,-0.5,0,1
"502",0.000123164872515213,18.005161034372,10.5391755676777,51,10,9,22.5,0,1
"503",0.000123164872515213,18.005161034372,10.5391755676777,51,10,9,34.5,1,1
"504",0.000123164872515213,18.005161034372,10.5391755676777,51,10,9,27.5,1,1
"505",0.000123164872515213,18.005161034372,10.5391755676777,51,10,9,19.5,0,1
"506",0.000123164872515213,18.005161034372,10.5391755676777,51,10,9,29.5,1,1
"507",0.000123164872515213,18.005161034372,10.5391755676777,51,10,9,20.5,1,1
"508",0.000123164872515213,18.005161034372,10.5391755676777,51,10,9,13.5,1,1
"509",0.000123164872515213,18.005161034372,10.5391755676777,51,10,9,6.5,0,1
"510",0.000123164872515213,18.005161034372,10.5391755676777,51,10,9,7.5,0,1
"511",0.00018907438903466,4.62602000025179,9.32268343516811,52,10,9,-0.5,0,1
"512",0.00018907438903466,4.62602000025179,9.32268343516811,52,10,9,22.5,1,1
"513",0.00018907438903466,4.62602000025179,9.32268343516811,52,10,9,10.5,0,1
"514",0.00018907438903466,4.62602000025179,9.32268343516811,52,10,9,18.5,1,1
"515",0.00018907438903466,4.62602000025179,9.32268343516811,52,10,9,13.5,1,1
"516",0.00018907438903466,4.62602000025179,9.32268343516811,52,10,9,5.5,1,1
"517",0.00018907438903466,4.62602000025179,9.32268343516811,52,10,9,-3.5,0,1
"518",0.00018907438903466,4.62602000025179,9.32268343516811,52,10,9,-1.5,0,1
"519",0.00018907438903466,4.62602000025179,9.32268343516811,52,10,9,15.5,1,1
"520",0.00018907438903466,4.62602000025179,9.32268343516811,52,10,9,-0.5,0,1
"521",3.30658252629225e-05,-34.581479387562,13.8351578199153,53,10,9,-0.5,1,1
"522",3.30658252629225e-05,-34.581479387562,13.8351578199153,53,10,9,-23.5,1,1
"523",3.30658252629225e-05,-34.581479387562,13.8351578199153,53,10,9,-34.5,1,1
"524",3.30658252629225e-05,-34.581479387562,13.8351578199153,53,10,9,-40.5,0,1
"525",3.30658252629225e-05,-34.581479387562,13.8351578199153,53,10,9,-33.5,0,1
"526",3.30658252629225e-05,-34.581479387562,13.8351578199153,53,10,9,-26.5,1,1
"527",3.30658252629225e-05,-34.581479387562,13.8351578199153,53,10,9,-40.5,0,1
"528",3.30658252629225e-05,-34.581479387562,13.8351578199153,53,10,9,-26.5,0,1
"529",3.30658252629225e-05,-34.581479387562,13.8351578199153,53,10,9,-20.5,1,1
"530",3.30658252629225e-05,-34.581479387562,13.8351578199153,53,10,9,-39.5,0,1
"531",0.000360727028381641,-11.1459052258357,6.71021092592733,54,10,9,-0.5,1,1
"532",0.000360727028381641,-11.1459052258357,6.71021092592733,54,10,9,-23.5,0,1
"533",0.000360727028381641,-11.1459052258357,6.71021092592733,54,10,9,-11.5,1,1
"534",0.000360727028381641,-11.1459052258357,6.71021092592733,54,10,9,-19.5,0,1
"535",0.000360727028381641,-11.1459052258357,6.71021092592733,54,10,9,-14.5,1,1
"536",0.000360727028381641,-11.1459052258357,6.71021092592733,54,10,9,-21.5,0,1
"537",0.000360727028381641,-11.1459052258357,6.71021092592733,54,10,9,-13.5,1,1
"538",0.000360727028381641,-11.1459052258357,6.71021092592733,54,10,9,-17.5,0,1
"539",0.000360727028381641,-11.1459052258357,6.71021092592733,54,10,9,-12.5,1,1
"540",0.000360727028381641,-11.1459052258357,6.71021092592733,54,10,9,-18.5,0,1
"541",0.000271218634224956,-20.3676091503117,7.18866364472719,55,10,9,-0.5,1,1
"542",0.000271218634224956,-20.3676091503117,7.18866364472719,55,10,9,-23.5,0,1
"543",0.000271218634224956,-20.3676091503117,7.18866364472719,55,10,9,-11.5,1,1
"544",0.000271218634224956,-20.3676091503117,7.18866364472719,55,10,9,-19.5,0,1
"545",0.000271218634224956,-20.3676091503117,7.18866364472719,55,10,9,-14.5,1,1
"546",0.000271218634224956,-20.3676091503117,7.18866364472719,55,10,9,-21.5,1,1
"547",0.000271218634224956,-20.3676091503117,7.18866364472719,55,10,9,-29.5,0,1
"548",0.000271218634224956,-20.3676091503117,7.18866364472719,55,10,9,-28.5,0,1
"549",0.000271218634224956,-20.3676091503117,7.18866364472719,55,10,9,-12.5,1,1
"550",0.000271218634224956,-20.3676091503117,7.18866364472719,55,10,9,-27.5,1,1
"551",0.00102063776731956,-14.6949238055507,6.48956094386594,56,10,9,-0.5,1,1
"552",0.00102063776731956,-14.6949238055507,6.48956094386594,56,10,9,-23.5,0,1
"553",0.00102063776731956,-14.6949238055507,6.48956094386594,56,10,9,-11.5,1,1
"554",0.00102063776731956,-14.6949238055507,6.48956094386594,56,10,9,-19.5,1,1
"555",0.00102063776731956,-14.6949238055507,6.48956094386594,56,10,9,-28.5,0,1
"556",0.00102063776731956,-14.6949238055507,6.48956094386594,56,10,9,-25.5,0,1
"557",0.00102063776731956,-14.6949238055507,6.48956094386594,56,10,9,-17.5,0,1
"558",0.00102063776731956,-14.6949238055507,6.48956094386594,56,10,9,-9.5,1,1
"559",0.00102063776731956,-14.6949238055507,6.48956094386594,56,10,9,-10.5,0,1
"560",0.00102063776731956,-14.6949238055507,6.48956094386594,56,10,9,-4.5,1,1
"561",0.00267993740246952,-5.59875856335244,8.04860921655794,57,10,9,-0.5,1,1
"562",0.00267993740246952,-5.59875856335244,8.04860921655794,57,10,9,-23.5,0,1
"563",0.00267993740246952,-5.59875856335244,8.04860921655794,57,10,9,-11.5,1,1
"564",0.00267993740246952,-5.59875856335244,8.04860921655794,57,10,9,-19.5,0,1
"565",0.00267993740246952,-5.59875856335244,8.04860921655794,57,10,9,-14.5,0,1
"566",0.00267993740246952,-5.59875856335244,8.04860921655794,57,10,9,-6.5,1,1
"567",0.00267993740246952,-5.59875856335244,8.04860921655794,57,10,9,-9.5,0,1
"568",0.00267993740246952,-5.59875856335244,8.04860921655794,57,10,9,-2.5,1,1
"569",0.00267993740246952,-5.59875856335244,8.04860921655794,57,10,9,-17.5,0,1
"570",0.00267993740246952,-5.59875856335244,8.04860921655794,57,10,9,-2.5,1,1
"571",0.00333531349158432,-24.4287781018817,11.4801877231603,58,10,9,-0.5,1,1
"572",0.00333531349158432,-24.4287781018817,11.4801877231603,58,10,9,-23.5,0,1
"573",0.00333531349158432,-24.4287781018817,11.4801877231603,58,10,9,-11.5,1,1
"574",0.00333531349158432,-24.4287781018817,11.4801877231603,58,10,9,-19.5,1,1
"575",0.00333531349158432,-24.4287781018817,11.4801877231603,58,10,9,-28.5,0,1
"576",0.00333531349158432,-24.4287781018817,11.4801877231603,58,10,9,-25.5,1,1
"577",0.00333531349158432,-24.4287781018817,11.4801877231603,58,10,9,-32.5,0,1
"578",0.00333531349158432,-24.4287781018817,11.4801877231603,58,10,9,-31.5,0,1
"579",0.00333531349158432,-24.4287781018817,11.4801877231603,58,10,9,-16.5,1,1
"580",0.00333531349158432,-24.4287781018817,11.4801877231603,58,10,9,-31.5,0,1
"581",0.00214653538735203,-12.720391180677,5.0414748652648,59,10,9,-0.5,0,1
"582",0.00214653538735203,-12.720391180677,5.0414748652648,59,10,9,22.5,1,1
"583",0.00214653538735203,-12.720391180677,5.0414748652648,59,10,9,10.5,1,1
"584",0.00214653538735203,-12.720391180677,5.0414748652648,59,10,9,-1.5,1,1
"585",0.00214653538735203,-12.720391180677,5.0414748652648,59,10,9,-13.5,0,1
"586",0.00214653538735203,-12.720391180677,5.0414748652648,59,10,9,-7.5,0,1
"587",0.00214653538735203,-12.720391180677,5.0414748652648,59,10,9,5.5,1,1
"588",0.00214653538735203,-12.720391180677,5.0414748652648,59,10,9,-8.5,0,1
"589",0.00214653538735203,-12.720391180677,5.0414748652648,59,10,9,5.5,1,1
"590",0.00214653538735203,-12.720391180677,5.0414748652648,59,10,9,-7.5,1,1
"591",2.15845058575608e-05,-13.8883304835477,10.3557087287847,60,10,9,-0.5,1,1
"592",2.15845058575608e-05,-13.8883304835477,10.3557087287847,60,10,9,-23.5,0,1
"593",2.15845058575608e-05,-13.8883304835477,10.3557087287847,60,10,9,-11.5,1,1
"594",2.15845058575608e-05,-13.8883304835477,10.3557087287847,60,10,9,-19.5,0,1
"595",2.15845058575608e-05,-13.8883304835477,10.3557087287847,60,10,9,-14.5,0,1
"596",2.15845058575608e-05,-13.8883304835477,10.3557087287847,60,10,9,-6.5,1,1
"597",2.15845058575608e-05,-13.8883304835477,10.3557087287847,60,10,9,-9.5,0,1
"598",2.15845058575608e-05,-13.8883304835477,10.3557087287847,60,10,9,-2.5,1,1
"599",2.15845058575608e-05,-13.8883304835477,10.3557087287847,60,10,9,-17.5,1,1
"600",2.15845058575608e-05,-13.8883304835477,10.3557087287847,60,10,9,-23.5,0,1
"601",9.85577345163042e-06,-18.3789792866975,19.1560326484062,61,10,9,-0.5,1,1
"602",9.85577345163042e-06,-18.3789792866975,19.1560326484062,61,10,9,-23.5,1,1
"603",9.85577345163042e-06,-18.3789792866975,19.1560326484062,61,10,9,-34.5,0,1
"604",9.85577345163042e-06,-18.3789792866975,19.1560326484062,61,10,9,-28.5,0,1
"605",9.85577345163042e-06,-18.3789792866975,19.1560326484062,61,10,9,-19.5,1,1
"606",9.85577345163042e-06,-18.3789792866975,19.1560326484062,61,10,9,-30.5,0,1
"607",9.85577345163042e-06,-18.3789792866975,19.1560326484062,61,10,9,-21.5,1,1
"608",9.85577345163042e-06,-18.3789792866975,19.1560326484062,61,10,9,-26.5,0,1
"609",9.85577345163042e-06,-18.3789792866975,19.1560326484062,61,10,9,-21.5,1,1
"610",9.85577345163042e-06,-18.3789792866975,19.1560326484062,61,10,9,-27.5,1,1
"611",0.000383828392752178,-5.087678329784,8.29577268431664,62,10,9,-0.5,1,1
"612",0.000383828392752178,-5.087678329784,8.29577268431664,62,10,9,-23.5,0,1
"613",0.000383828392752178,-5.087678329784,8.29577268431664,62,10,9,-11.5,0,1
"614",0.000383828392752178,-5.087678329784,8.29577268431664,62,10,9,0.5,0,1
"615",0.000383828392752178,-5.087678329784,8.29577268431664,62,10,9,12.5,1,1
"616",0.000383828392752178,-5.087678329784,8.29577268431664,62,10,9,6.5,0,1
"617",0.000383828392752178,-5.087678329784,8.29577268431664,62,10,9,14.5,1,1
"618",0.000383828392752178,-5.087678329784,8.29577268431664,62,10,9,10.5,1,1
"619",0.000383828392752178,-5.087678329784,8.29577268431664,62,10,9,-5.5,0,1
"620",0.000383828392752178,-5.087678329784,8.29577268431664,62,10,9,13.5,1,1
"621",0.000269662829627597,-0.239998134383722,13.6586992298356,63,10,9,-0.5,1,1
"622",0.000269662829627597,-0.239998134383722,13.6586992298356,63,10,9,-23.5,0,1
"623",0.000269662829627597,-0.239998134383722,13.6586992298356,63,10,9,-11.5,0,1
"624",0.000269662829627597,-0.239998134383722,13.6586992298356,63,10,9,0.5,0,1
"625",0.000269662829627597,-0.239998134383722,13.6586992298356,63,10,9,12.5,0,1
"626",0.000269662829627597,-0.239998134383722,13.6586992298356,63,10,9,23.5,1,1
"627",0.000269662829627597,-0.239998134383722,13.6586992298356,63,10,9,15.5,1,1
"628",0.000269662829627597,-0.239998134383722,13.6586992298356,63,10,9,9.5,1,1
"629",0.000269662829627597,-0.239998134383722,13.6586992298356,63,10,9,-2.5,0,1
"630",0.000269662829627597,-0.239998134383722,13.6586992298356,63,10,9,14.5,1,1
"631",0.036054551756531,-25.5189770335524,9.11158478081384,64,10,9,-0.5,1,1
"632",0.036054551756531,-25.5189770335524,9.11158478081384,64,10,9,-23.5,1,1
"633",0.036054551756531,-25.5189770335524,9.11158478081384,64,10,9,-34.5,0,1
"634",0.036054551756531,-25.5189770335524,9.11158478081384,64,10,9,-28.5,1,1
"635",0.036054551756531,-25.5189770335524,9.11158478081384,64,10,9,-36.5,0,1
"636",0.036054551756531,-25.5189770335524,9.11158478081384,64,10,9,-27.5,1,1
"637",0.036054551756531,-25.5189770335524,9.11158478081384,64,10,9,-35.5,0,1
"638",0.036054551756531,-25.5189770335524,9.11158478081384,64,10,9,-31.5,0,1
"639",0.036054551756531,-25.5189770335524,9.11158478081384,64,10,9,-26.5,1,1
"640",0.036054551756531,-25.5189770335524,9.11158478081384,64,10,9,-32.5,1,1
"641",3.86252393371516e-05,-2.37608531587677,6.21512648257033,65,10,9,-0.5,1,1
"642",3.86252393371516e-05,-2.37608531587677,6.21512648257033,65,10,9,-23.5,0,1
"643",3.86252393371516e-05,-2.37608531587677,6.21512648257033,65,10,9,-11.5,0,1
"644",3.86252393371516e-05,-2.37608531587677,6.21512648257033,65,10,9,0.5,1,1
"645",3.86252393371516e-05,-2.37608531587677,6.21512648257033,65,10,9,-7.5,0,1
"646",3.86252393371516e-05,-2.37608531587677,6.21512648257033,65,10,9,-3.5,1,1
"647",3.86252393371516e-05,-2.37608531587677,6.21512648257033,65,10,9,-9.5,0,1
"648",3.86252393371516e-05,-2.37608531587677,6.21512648257033,65,10,9,-1.5,0,1
"649",3.86252393371516e-05,-2.37608531587677,6.21512648257033,65,10,9,5.5,1,1
"650",3.86252393371516e-05,-2.37608531587677,6.21512648257033,65,10,9,4.5,1,1
"651",5.10405939229535e-05,-40.1759446206123,6.41241983565602,66,10,9,-0.5,1,1
"652",5.10405939229535e-05,-40.1759446206123,6.41241983565602,66,10,9,-23.5,1,1
"653",5.10405939229535e-05,-40.1759446206123,6.41241983565602,66,10,9,-34.5,1,1
"654",5.10405939229535e-05,-40.1759446206123,6.41241983565602,66,10,9,-40.5,1,1
"655",5.10405939229535e-05,-40.1759446206123,6.41241983565602,66,10,9,-43.5,0,1
"656",5.10405939229535e-05,-40.1759446206123,6.41241983565602,66,10,9,-37.5,1,1
"657",5.10405939229535e-05,-40.1759446206123,6.41241983565602,66,10,9,-45.5,0,1
"658",5.10405939229535e-05,-40.1759446206123,6.41241983565602,66,10,9,-37.5,0,1
"659",5.10405939229535e-05,-40.1759446206123,6.41241983565602,66,10,9,-31.5,1,1
"660",5.10405939229535e-05,-40.1759446206123,6.41241983565602,66,10,9,-47.5,0,1
"661",0.0129184892279474,-8.37249260887836,8.38211708704572,67,10,9,-0.5,1,1
"662",0.0129184892279474,-8.37249260887836,8.38211708704572,67,10,9,-23.5,0,1
"663",0.0129184892279474,-8.37249260887836,8.38211708704572,67,10,9,-11.5,0,1
"664",0.0129184892279474,-8.37249260887836,8.38211708704572,67,10,9,0.5,0,1
"665",0.0129184892279474,-8.37249260887836,8.38211708704572,67,10,9,12.5,1,1
"666",0.0129184892279474,-8.37249260887836,8.38211708704572,67,10,9,6.5,1,1
"667",0.0129184892279474,-8.37249260887836,8.38211708704572,67,10,9,-6.5,0,1
"668",0.0129184892279474,-8.37249260887836,8.38211708704572,67,10,9,7.5,1,1
"669",0.0129184892279474,-8.37249260887836,8.38211708704572,67,10,9,-6.5,1,1
"670",0.0129184892279474,-8.37249260887836,8.38211708704572,67,10,9,-13.5,0,1
"671",0.00708298757324555,-23.8806246347407,13.1255451186802,68,10,9,-0.5,1,1
"672",0.00708298757324555,-23.8806246347407,13.1255451186802,68,10,9,-23.5,1,1
"673",0.00708298757324555,-23.8806246347407,13.1255451186802,68,10,9,-34.5,0,1
"674",0.00708298757324555,-23.8806246347407,13.1255451186802,68,10,9,-28.5,0,1
"675",0.00708298757324555,-23.8806246347407,13.1255451186802,68,10,9,-19.5,0,1
"676",0.00708298757324555,-23.8806246347407,13.1255451186802,68,10,9,-11.5,0,1
"677",0.00708298757324555,-23.8806246347407,13.1255451186802,68,10,9,-5.5,1,1
"678",0.00708298757324555,-23.8806246347407,13.1255451186802,68,10,9,-11.5,1,1
"679",0.00708298757324555,-23.8806246347407,13.1255451186802,68,10,9,-23.5,0,1
"680",0.00708298757324555,-23.8806246347407,13.1255451186802,68,10,9,-5.5,1,1
"681",0.00277879446314214,-40.0814950233952,8.5130454256974,69,10,9,-0.5,1,1
"682",0.00277879446314214,-40.0814950233952,8.5130454256974,69,10,9,-23.5,1,1
"683",0.00277879446314214,-40.0814950233952,8.5130454256974,69,10,9,-34.5,0,1
"684",0.00277879446314214,-40.0814950233952,8.5130454256974,69,10,9,-28.5,1,1
"685",0.00277879446314214,-40.0814950233952,8.5130454256974,69,10,9,-36.5,1,1
"686",0.00277879446314214,-40.0814950233952,8.5130454256974,69,10,9,-41.5,1,1
"687",0.00277879446314214,-40.0814950233952,8.5130454256974,69,10,9,-33.5,1,1
"688",0.00277879446314214,-40.0814950233952,8.5130454256974,69,10,9,-44.5,0,1
"689",0.00277879446314214,-40.0814950233952,8.5130454256974,69,10,9,-48.5,0,1
"690",0.00277879446314214,-40.0814950233952,8.5130454256974,69,10,9,-48.5,0,1
"691",0.000367773211465308,-17.6665424536686,9.30384053349426,70,10,9,-0.5,1,1
"692",0.000367773211465308,-17.6665424536686,9.30384053349426,70,10,9,-23.5,1,1
"693",0.000367773211465308,-17.6665424536686,9.30384053349426,70,10,9,-34.5,0,1
"694",0.000367773211465308,-17.6665424536686,9.30384053349426,70,10,9,-28.5,0,1
"695",0.000367773211465308,-17.6665424536686,9.30384053349426,70,10,9,-19.5,1,1
"696",0.000367773211465308,-17.6665424536686,9.30384053349426,70,10,9,-30.5,0,1
"697",0.000367773211465308,-17.6665424536686,9.30384053349426,70,10,9,-21.5,0,1
"698",0.000367773211465308,-17.6665424536686,9.30384053349426,70,10,9,-14.5,1,1
"699",0.000367773211465308,-17.6665424536686,9.30384053349426,70,10,9,-15.5,1,1
"700",0.000367773211465308,-17.6665424536686,9.30384053349426,70,10,9,-30.5,0,1
"701",0.140618607887438,-6.57158155731688,15.3409588641332,71,10,9,-0.5,1,1
"702",0.140618607887438,-6.57158155731688,15.3409588641332,71,10,9,-23.5,0,1
"703",0.140618607887438,-6.57158155731688,15.3409588641332,71,10,9,-11.5,0,1
"704",0.140618607887438,-6.57158155731688,15.3409588641332,71,10,9,0.5,0,1
"705",0.140618607887438,-6.57158155731688,15.3409588641332,71,10,9,12.5,1,1
"706",0.140618607887438,-6.57158155731688,15.3409588641332,71,10,9,6.5,1,1
"707",0.140618607887438,-6.57158155731688,15.3409588641332,71,10,9,-6.5,1,1
"708",0.140618607887438,-6.57158155731688,15.3409588641332,71,10,9,-13.5,0,1
"709",0.140618607887438,-6.57158155731688,15.3409588641332,71,10,9,-12.5,0,1
"710",0.140618607887438,-6.57158155731688,15.3409588641332,71,10,9,5.5,0,1
"711",0.000296264555593368,-4.98687955761336,5.86436604612261,72,10,9,-0.5,1,1
"712",0.000296264555593368,-4.98687955761336,5.86436604612261,72,10,9,-23.5,0,1
"713",0.000296264555593368,-4.98687955761336,5.86436604612261,72,10,9,-11.5,1,1
"714",0.000296264555593368,-4.98687955761336,5.86436604612261,72,10,9,-19.5,0,1
"715",0.000296264555593368,-4.98687955761336,5.86436604612261,72,10,9,-14.5,0,1
"716",0.000296264555593368,-4.98687955761336,5.86436604612261,72,10,9,-6.5,1,1
"717",0.000296264555593368,-4.98687955761336,5.86436604612261,72,10,9,-9.5,0,1
"718",0.000296264555593368,-4.98687955761336,5.86436604612261,72,10,9,-2.5,1,1
"719",0.000296264555593368,-4.98687955761336,5.86436604612261,72,10,9,-17.5,0,1
"720",0.000296264555593368,-4.98687955761336,5.86436604612261,72,10,9,-2.5,1,1
"721",0.00119752089454749,-7.49438110143213,6.48977047692471,73,10,9,-0.5,1,1
"722",0.00119752089454749,-7.49438110143213,6.48977047692471,73,10,9,-23.5,0,1
"723",0.00119752089454749,-7.49438110143213,6.48977047692471,73,10,9,-11.5,0,1
"724",0.00119752089454749,-7.49438110143213,6.48977047692471,73,10,9,0.5,1,1
"725",0.00119752089454749,-7.49438110143213,6.48977047692471,73,10,9,-7.5,0,1
"726",0.00119752089454749,-7.49438110143213,6.48977047692471,73,10,9,-3.5,0,1
"727",0.00119752089454749,-7.49438110143213,6.48977047692471,73,10,9,3.5,1,1
"728",0.00119752089454749,-7.49438110143213,6.48977047692471,73,10,9,2.5,1,1
"729",0.00119752089454749,-7.49438110143213,6.48977047692471,73,10,9,-5.5,1,1
"730",0.00119752089454749,-7.49438110143213,6.48977047692471,73,10,9,-12.5,0,1
"731",0.00280263448303269,4.9078420802892,9.22036935752593,74,10,9,-0.5,0,1
"732",0.00280263448303269,4.9078420802892,9.22036935752593,74,10,9,22.5,1,1
"733",0.00280263448303269,4.9078420802892,9.22036935752593,74,10,9,10.5,1,1
"734",0.00280263448303269,4.9078420802892,9.22036935752593,74,10,9,-1.5,0,1
"735",0.00280263448303269,4.9078420802892,9.22036935752593,74,10,9,6.5,0,1
"736",0.00280263448303269,4.9078420802892,9.22036935752593,74,10,9,13.5,1,1
"737",0.00280263448303269,4.9078420802892,9.22036935752593,74,10,9,5.5,1,1
"738",0.00280263448303269,4.9078420802892,9.22036935752593,74,10,9,-1.5,1,1
"739",0.00280263448303269,4.9078420802892,9.22036935752593,74,10,9,-8.5,1,1
"740",0.00280263448303269,4.9078420802892,9.22036935752593,74,10,9,-13.5,0,1
"741",6.21959467720139e-06,-4.79791642173042,9.35609420815583,75,10,9,-0.5,1,1
"742",6.21959467720139e-06,-4.79791642173042,9.35609420815583,75,10,9,-23.5,0,1
"743",6.21959467720139e-06,-4.79791642173042,9.35609420815583,75,10,9,-11.5,1,1
"744",6.21959467720139e-06,-4.79791642173042,9.35609420815583,75,10,9,-19.5,0,1
"745",6.21959467720139e-06,-4.79791642173042,9.35609420815583,75,10,9,-14.5,0,1
"746",6.21959467720139e-06,-4.79791642173042,9.35609420815583,75,10,9,-6.5,0,1
"747",6.21959467720139e-06,-4.79791642173042,9.35609420815583,75,10,9,2.5,1,1
"748",6.21959467720139e-06,-4.79791642173042,9.35609420815583,75,10,9,0.5,0,1
"749",6.21959467720139e-06,-4.79791642173042,9.35609420815583,75,10,9,6.5,1,1
"750",6.21959467720139e-06,-4.79791642173042,9.35609420815583,75,10,9,5.5,1,1
"751",0.000260902545112139,-4.47827604945246,10.3212611128148,76,10,9,-0.5,0,1
"752",0.000260902545112139,-4.47827604945246,10.3212611128148,76,10,9,22.5,1,1
"753",0.000260902545112139,-4.47827604945246,10.3212611128148,76,10,9,10.5,1,1
"754",0.000260902545112139,-4.47827604945246,10.3212611128148,76,10,9,-1.5,0,1
"755",0.000260902545112139,-4.47827604945246,10.3212611128148,76,10,9,6.5,1,1
"756",0.000260902545112139,-4.47827604945246,10.3212611128148,76,10,9,2.5,1,1
"757",0.000260902545112139,-4.47827604945246,10.3212611128148,76,10,9,-4.5,1,1
"758",0.000260902545112139,-4.47827604945246,10.3212611128148,76,10,9,-13.5,0,1
"759",0.000260902545112139,-4.47827604945246,10.3212611128148,76,10,9,-11.5,0,1
"760",0.000260902545112139,-4.47827604945246,10.3212611128148,76,10,9,-10.5,0,1
"761",0.00149499618779835,-2.14308627264146,9.6474323190536,77,10,9,-0.5,1,1
"762",0.00149499618779835,-2.14308627264146,9.6474323190536,77,10,9,-23.5,0,1
"763",0.00149499618779835,-2.14308627264146,9.6474323190536,77,10,9,-11.5,0,1
"764",0.00149499618779835,-2.14308627264146,9.6474323190536,77,10,9,0.5,1,1
"765",0.00149499618779835,-2.14308627264146,9.6474323190536,77,10,9,-7.5,0,1
"766",0.00149499618779835,-2.14308627264146,9.6474323190536,77,10,9,-3.5,1,1
"767",0.00149499618779835,-2.14308627264146,9.6474323190536,77,10,9,-9.5,0,1
"768",0.00149499618779835,-2.14308627264146,9.6474323190536,77,10,9,-1.5,0,1
"769",0.00149499618779835,-2.14308627264146,9.6474323190536,77,10,9,5.5,1,1
"770",0.00149499618779835,-2.14308627264146,9.6474323190536,77,10,9,4.5,1,1
"771",0.000290698209467906,-3.26217966926117,11.9860803467487,78,10,9,-0.5,1,1
"772",0.000290698209467906,-3.26217966926117,11.9860803467487,78,10,9,-23.5,0,1
"773",0.000290698209467906,-3.26217966926117,11.9860803467487,78,10,9,-11.5,0,1
"774",0.000290698209467906,-3.26217966926117,11.9860803467487,78,10,9,0.5,0,1
"775",0.000290698209467906,-3.26217966926117,11.9860803467487,78,10,9,12.5,1,1
"776",0.000290698209467906,-3.26217966926117,11.9860803467487,78,10,9,6.5,1,1
"777",0.000290698209467906,-3.26217966926117,11.9860803467487,78,10,9,-6.5,0,1
"778",0.000290698209467906,-3.26217966926117,11.9860803467487,78,10,9,7.5,0,1
"779",0.000290698209467906,-3.26217966926117,11.9860803467487,78,10,9,14.5,1,1
"780",0.000290698209467906,-3.26217966926117,11.9860803467487,78,10,9,13.5,1,1
"781",0.00851624596990415,-21.8658147508392,8.83541894475496,79,10,9,-0.5,1,1
"782",0.00851624596990415,-21.8658147508392,8.83541894475496,79,10,9,-23.5,1,1
"783",0.00851624596990415,-21.8658147508392,8.83541894475496,79,10,9,-34.5,0,1
"784",0.00851624596990415,-21.8658147508392,8.83541894475496,79,10,9,-28.5,1,1
"785",0.00851624596990415,-21.8658147508392,8.83541894475496,79,10,9,-36.5,0,1
"786",0.00851624596990415,-21.8658147508392,8.83541894475496,79,10,9,-27.5,0,1
"787",0.00851624596990415,-21.8658147508392,8.83541894475496,79,10,9,-20.5,0,1
"788",0.00851624596990415,-21.8658147508392,8.83541894475496,79,10,9,-13.5,1,1
"789",0.00851624596990415,-21.8658147508392,8.83541894475496,79,10,9,-15.5,1,1
"790",0.00851624596990415,-21.8658147508392,8.83541894475496,79,10,9,-34.5,0,1
"791",0.0005667678700899,-27.2210383453191,8.57532837943863,80,10,9,-0.5,1,1
"792",0.0005667678700899,-27.2210383453191,8.57532837943863,80,10,9,-23.5,0,1
"793",0.0005667678700899,-27.2210383453191,8.57532837943863,80,10,9,-11.5,1,1
"794",0.0005667678700899,-27.2210383453191,8.57532837943863,80,10,9,-19.5,1,1
"795",0.0005667678700899,-27.2210383453191,8.57532837943863,80,10,9,-28.5,0,1
"796",0.0005667678700899,-27.2210383453191,8.57532837943863,80,10,9,-25.5,1,1
"797",0.0005667678700899,-27.2210383453191,8.57532837943863,80,10,9,-32.5,0,1
"798",0.0005667678700899,-27.2210383453191,8.57532837943863,80,10,9,-31.5,0,1
"799",0.0005667678700899,-27.2210383453191,8.57532837943863,80,10,9,-16.5,1,1
"800",0.0005667678700899,-27.2210383453191,8.57532837943863,80,10,9,-31.5,1,1
"801",2.16420353994812e-05,21.435445127288,7.40061583128706,81,10,9,-0.5,0,1
"802",2.16420353994812e-05,21.435445127288,7.40061583128706,81,10,9,22.5,1,1
"803",2.16420353994812e-05,21.435445127288,7.40061583128706,81,10,9,10.5,0,1
"804",2.16420353994812e-05,21.435445127288,7.40061583128706,81,10,9,18.5,0,1
"805",2.16420353994812e-05,21.435445127288,7.40061583128706,81,10,9,27.5,1,1
"806",2.16420353994812e-05,21.435445127288,7.40061583128706,81,10,9,25.5,0,1
"807",2.16420353994812e-05,21.435445127288,7.40061583128706,81,10,9,32.5,1,1
"808",2.16420353994812e-05,21.435445127288,7.40061583128706,81,10,9,31.5,1,1
"809",2.16420353994812e-05,21.435445127288,7.40061583128706,81,10,9,15.5,0,1
"810",2.16420353994812e-05,21.435445127288,7.40061583128706,81,10,9,31.5,1,1
"811",0.0181891534041796,-18.1874498555998,9.16270373453812,82,10,9,-0.5,1,1
"812",0.0181891534041796,-18.1874498555998,9.16270373453812,82,10,9,-23.5,1,1
"813",0.0181891534041796,-18.1874498555998,9.16270373453812,82,10,9,-34.5,0,1
"814",0.0181891534041796,-18.1874498555998,9.16270373453812,82,10,9,-28.5,0,1
"815",0.0181891534041796,-18.1874498555998,9.16270373453812,82,10,9,-19.5,0,1
"816",0.0181891534041796,-18.1874498555998,9.16270373453812,82,10,9,-11.5,1,1
"817",0.0181891534041796,-18.1874498555998,9.16270373453812,82,10,9,-14.5,1,1
"818",0.0181891534041796,-18.1874498555998,9.16270373453812,82,10,9,-29.5,0,1
"819",0.0181891534041796,-18.1874498555998,9.16270373453812,82,10,9,-13.5,1,1
"820",0.0181891534041796,-18.1874498555998,9.16270373453812,82,10,9,-29.5,0,1
"821",0.00480033461780171,-11.9184964758009,6.56867595819771,83,10,9,-0.5,1,1
"822",0.00480033461780171,-11.9184964758009,6.56867595819771,83,10,9,-23.5,0,1
"823",0.00480033461780171,-11.9184964758009,6.56867595819771,83,10,9,-11.5,1,1
"824",0.00480033461780171,-11.9184964758009,6.56867595819771,83,10,9,-19.5,0,1
"825",0.00480033461780171,-11.9184964758009,6.56867595819771,83,10,9,-14.5,1,1
"826",0.00480033461780171,-11.9184964758009,6.56867595819771,83,10,9,-21.5,0,1
"827",0.00480033461780171,-11.9184964758009,6.56867595819771,83,10,9,-13.5,0,1
"828",0.00480033461780171,-11.9184964758009,6.56867595819771,83,10,9,-6.5,0,1
"829",0.00480033461780171,-11.9184964758009,6.56867595819771,83,10,9,0.5,1,1
"830",0.00480033461780171,-11.9184964758009,6.56867595819771,83,10,9,-0.5,1,1
"831",0.00147559748072924,-7.16928347908008,10.20976176313,84,10,9,-0.5,1,1
"832",0.00147559748072924,-7.16928347908008,10.20976176313,84,10,9,-23.5,0,1
"833",0.00147559748072924,-7.16928347908008,10.20976176313,84,10,9,-11.5,0,1
"834",0.00147559748072924,-7.16928347908008,10.20976176313,84,10,9,0.5,0,1
"835",0.00147559748072924,-7.16928347908008,10.20976176313,84,10,9,12.5,1,1
"836",0.00147559748072924,-7.16928347908008,10.20976176313,84,10,9,6.5,1,1
"837",0.00147559748072924,-7.16928347908008,10.20976176313,84,10,9,-6.5,0,1
"838",0.00147559748072924,-7.16928347908008,10.20976176313,84,10,9,7.5,1,1
"839",0.00147559748072924,-7.16928347908008,10.20976176313,84,10,9,-6.5,1,1
"840",0.00147559748072924,-7.16928347908008,10.20976176313,84,10,9,-13.5,0,1
"841",0.00297878506227454,-20.6514257633456,10.805722172957,85,10,9,-0.5,1,1
"842",0.00297878506227454,-20.6514257633456,10.805722172957,85,10,9,-23.5,0,1
"843",0.00297878506227454,-20.6514257633456,10.805722172957,85,10,9,-11.5,1,1
"844",0.00297878506227454,-20.6514257633456,10.805722172957,85,10,9,-19.5,0,1
"845",0.00297878506227454,-20.6514257633456,10.805722172957,85,10,9,-14.5,1,1
"846",0.00297878506227454,-20.6514257633456,10.805722172957,85,10,9,-21.5,1,1
"847",0.00297878506227454,-20.6514257633456,10.805722172957,85,10,9,-29.5,0,1
"848",0.00297878506227454,-20.6514257633456,10.805722172957,85,10,9,-28.5,0,1
"849",0.00297878506227454,-20.6514257633456,10.805722172957,85,10,9,-12.5,1,1
"850",0.00297878506227454,-20.6514257633456,10.805722172957,85,10,9,-27.5,1,1
"851",0.0290938505621754,4.45643745253012,8.15312229082042,86,10,9,-0.5,0,1
"852",0.0290938505621754,4.45643745253012,8.15312229082042,86,10,9,22.5,1,1
"853",0.0290938505621754,4.45643745253012,8.15312229082042,86,10,9,10.5,1,1
"854",0.0290938505621754,4.45643745253012,8.15312229082042,86,10,9,-1.5,0,1
"855",0.0290938505621754,4.45643745253012,8.15312229082042,86,10,9,6.5,1,1
"856",0.0290938505621754,4.45643745253012,8.15312229082042,86,10,9,2.5,0,1
"857",0.0290938505621754,4.45643745253012,8.15312229082042,86,10,9,8.5,0,1
"858",0.0290938505621754,4.45643745253012,8.15312229082042,86,10,9,15.5,1,1
"859",0.0290938505621754,4.45643745253012,8.15312229082042,86,10,9,14.5,1,1
"860",0.0290938505621754,4.45643745253012,8.15312229082042,86,10,9,-0.5,0,1
"861",0.00140500505604749,14.3290858120383,12.3477983769301,87,10,9,-0.5,0,1
"862",0.00140500505604749,14.3290858120383,12.3477983769301,87,10,9,22.5,1,1
"863",0.00140500505604749,14.3290858120383,12.3477983769301,87,10,9,10.5,0,1
"864",0.00140500505604749,14.3290858120383,12.3477983769301,87,10,9,18.5,0,1
"865",0.00140500505604749,14.3290858120383,12.3477983769301,87,10,9,27.5,1,1
"866",0.00140500505604749,14.3290858120383,12.3477983769301,87,10,9,25.5,1,1
"867",0.00140500505604749,14.3290858120383,12.3477983769301,87,10,9,16.5,1,1
"868",0.00140500505604749,14.3290858120383,12.3477983769301,87,10,9,8.5,1,1
"869",0.00140500505604749,14.3290858120383,12.3477983769301,87,10,9,1.5,0,1
"870",0.00140500505604749,14.3290858120383,12.3477983769301,87,10,9,2.5,0,1
"871",4.63718235431922e-05,-8.21869581337815,8.42236079032577,88,10,9,-0.5,1,1
"872",4.63718235431922e-05,-8.21869581337815,8.42236079032577,88,10,9,-23.5,0,1
"873",4.63718235431922e-05,-8.21869581337815,8.42236079032577,88,10,9,-11.5,0,1
"874",4.63718235431922e-05,-8.21869581337815,8.42236079032577,88,10,9,0.5,1,1
"875",4.63718235431922e-05,-8.21869581337815,8.42236079032577,88,10,9,-7.5,0,1
"876",4.63718235431922e-05,-8.21869581337815,8.42236079032577,88,10,9,-3.5,1,1
"877",4.63718235431922e-05,-8.21869581337815,8.42236079032577,88,10,9,-9.5,0,1
"878",4.63718235431922e-05,-8.21869581337815,8.42236079032577,88,10,9,-1.5,1,1
"879",4.63718235431922e-05,-8.21869581337815,8.42236079032577,88,10,9,-5.5,1,1
"880",4.63718235431922e-05,-8.21869581337815,8.42236079032577,88,10,9,-10.5,1,1
"881",0.00419720303647216,-12.3362519485597,7.76718574589714,89,10,9,-0.5,1,1
"882",0.00419720303647216,-12.3362519485597,7.76718574589714,89,10,9,-23.5,0,1
"883",0.00419720303647216,-12.3362519485597,7.76718574589714,89,10,9,-11.5,0,1
"884",0.00419720303647216,-12.3362519485597,7.76718574589714,89,10,9,0.5,1,1
"885",0.00419720303647216,-12.3362519485597,7.76718574589714,89,10,9,-7.5,1,1
"886",0.00419720303647216,-12.3362519485597,7.76718574589714,89,10,9,-14.5,0,1
"887",0.00419720303647216,-12.3362519485597,7.76718574589714,89,10,9,-6.5,1,1
"888",0.00419720303647216,-12.3362519485597,7.76718574589714,89,10,9,-13.5,1,1
"889",0.00419720303647216,-12.3362519485597,7.76718574589714,89,10,9,-20.5,0,1
"890",0.00419720303647216,-12.3362519485597,7.76718574589714,89,10,9,-19.5,1,1
"891",0.000353373941900179,-8.71767640009523,7.21599721651226,90,10,9,-0.5,1,1
"892",0.000353373941900179,-8.71767640009523,7.21599721651226,90,10,9,-23.5,0,1
"893",0.000353373941900179,-8.71767640009523,7.21599721651226,90,10,9,-11.5,0,1
"894",0.000353373941900179,-8.71767640009523,7.21599721651226,90,10,9,0.5,1,1
"895",0.000353373941900179,-8.71767640009523,7.21599721651226,90,10,9,-7.5,1,1
"896",0.000353373941900179,-8.71767640009523,7.21599721651226,90,10,9,-14.5,0,1
"897",0.000353373941900179,-8.71767640009523,7.21599721651226,90,10,9,-6.5,1,1
"898",0.000353373941900179,-8.71767640009523,7.21599721651226,90,10,9,-13.5,0,1
"899",0.000353373941900179,-8.71767640009523,7.21599721651226,90,10,9,-9.5,0,1
"900",0.000353373941900179,-8.71767640009523,7.21599721651226,90,10,9,-5.5,0,1
"901",0.0155694202348529,-26.7206350719937,8.499285029449,91,10,9,-0.5,1,1
"902",0.0155694202348529,-26.7206350719937,8.499285029449,91,10,9,-23.5,0,1
"903",0.0155694202348529,-26.7206350719937,8.499285029449,91,10,9,-11.5,1,1
"904",0.0155694202348529,-26.7206350719937,8.499285029449,91,10,9,-19.5,1,1
"905",0.0155694202348529,-26.7206350719937,8.499285029449,91,10,9,-28.5,0,1
"906",0.0155694202348529,-26.7206350719937,8.499285029449,91,10,9,-25.5,0,1
"907",0.0155694202348529,-26.7206350719937,8.499285029449,91,10,9,-17.5,1,1
"908",0.0155694202348529,-26.7206350719937,8.499285029449,91,10,9,-25.5,1,1
"909",0.0155694202348529,-26.7206350719937,8.499285029449,91,10,9,-32.5,1,1
"910",0.0155694202348529,-26.7206350719937,8.499285029449,91,10,9,-38.5,0,1
"911",0.0015372960277274,-6.37998814265974,7.16984155206923,92,10,9,-0.5,1,1
"912",0.0015372960277274,-6.37998814265974,7.16984155206923,92,10,9,-23.5,0,1
"913",0.0015372960277274,-6.37998814265974,7.16984155206923,92,10,9,-11.5,0,1
"914",0.0015372960277274,-6.37998814265974,7.16984155206923,92,10,9,0.5,1,1
"915",0.0015372960277274,-6.37998814265974,7.16984155206923,92,10,9,-7.5,0,1
"916",0.0015372960277274,-6.37998814265974,7.16984155206923,92,10,9,-3.5,0,1
"917",0.0015372960277274,-6.37998814265974,7.16984155206923,92,10,9,3.5,1,1
"918",0.0015372960277274,-6.37998814265974,7.16984155206923,92,10,9,2.5,0,1
"919",0.0015372960277274,-6.37998814265974,7.16984155206923,92,10,9,9.5,1,1
"920",0.0015372960277274,-6.37998814265974,7.16984155206923,92,10,9,8.5,1,1
"921",0.00122060139207979,-29.1317746911639,11.0966999782053,93,10,9,-0.5,1,1
"922",0.00122060139207979,-29.1317746911639,11.0966999782053,93,10,9,-23.5,0,1
"923",0.00122060139207979,-29.1317746911639,11.0966999782053,93,10,9,-11.5,1,1
"924",0.00122060139207979,-29.1317746911639,11.0966999782053,93,10,9,-19.5,1,1
"925",0.00122060139207979,-29.1317746911639,11.0966999782053,93,10,9,-28.5,1,1
"926",0.00122060139207979,-29.1317746911639,11.0966999782053,93,10,9,-35.5,0,1
"927",0.00122060139207979,-29.1317746911639,11.0966999782053,93,10,9,-34.5,1,1
"928",0.00122060139207979,-29.1317746911639,11.0966999782053,93,10,9,-39.5,0,1
"929",0.00122060139207979,-29.1317746911639,11.0966999782053,93,10,9,-39.5,0,1
"930",0.00122060139207979,-29.1317746911639,11.0966999782053,93,10,9,-21.5,1,1
"931",0.00229810520257029,-6.26526733397389,10.0906025754048,94,10,9,-0.5,1,1
"932",0.00229810520257029,-6.26526733397389,10.0906025754048,94,10,9,-23.5,0,1
"933",0.00229810520257029,-6.26526733397389,10.0906025754048,94,10,9,-11.5,0,1
"934",0.00229810520257029,-6.26526733397389,10.0906025754048,94,10,9,0.5,1,1
"935",0.00229810520257029,-6.26526733397389,10.0906025754048,94,10,9,-7.5,0,1
"936",0.00229810520257029,-6.26526733397389,10.0906025754048,94,10,9,-3.5,0,1
"937",0.00229810520257029,-6.26526733397389,10.0906025754048,94,10,9,3.5,1,1
"938",0.00229810520257029,-6.26526733397389,10.0906025754048,94,10,9,2.5,0,1
"939",0.00229810520257029,-6.26526733397389,10.0906025754048,94,10,9,9.5,0,1
"940",0.00229810520257029,-6.26526733397389,10.0906025754048,94,10,9,15.5,1,1
"941",0.000298955973798466,-11.3268232800219,12.9272689760035,95,10,9,-0.5,1,1
"942",0.000298955973798466,-11.3268232800219,12.9272689760035,95,10,9,-23.5,0,1
"943",0.000298955973798466,-11.3268232800219,12.9272689760035,95,10,9,-11.5,0,1
"944",0.000298955973798466,-11.3268232800219,12.9272689760035,95,10,9,0.5,1,1
"945",0.000298955973798466,-11.3268232800219,12.9272689760035,95,10,9,-7.5,1,1
"946",0.000298955973798466,-11.3268232800219,12.9272689760035,95,10,9,-14.5,1,1
"947",0.000298955973798466,-11.3268232800219,12.9272689760035,95,10,9,-23.5,0,1
"948",0.000298955973798466,-11.3268232800219,12.9272689760035,95,10,9,-20.5,0,1
"949",0.000298955973798466,-11.3268232800219,12.9272689760035,95,10,9,-5.5,1,1
"950",0.000298955973798466,-11.3268232800219,12.9272689760035,95,10,9,-20.5,0,1
"951",0.000138424263780823,-13.8895105520075,12.8532064174819,96,10,9,-0.5,1,1
"952",0.000138424263780823,-13.8895105520075,12.8532064174819,96,10,9,-23.5,0,1
"953",0.000138424263780823,-13.8895105520075,12.8532064174819,96,10,9,-11.5,0,1
"954",0.000138424263780823,-13.8895105520075,12.8532064174819,96,10,9,0.5,1,1
"955",0.000138424263780823,-13.8895105520075,12.8532064174819,96,10,9,-7.5,0,1
"956",0.000138424263780823,-13.8895105520075,12.8532064174819,96,10,9,-3.5,1,1
"957",0.000138424263780823,-13.8895105520075,12.8532064174819,96,10,9,-9.5,1,1
"958",0.000138424263780823,-13.8895105520075,12.8532064174819,96,10,9,-16.5,0,1
"959",0.000138424263780823,-13.8895105520075,12.8532064174819,96,10,9,-15.5,1,1
"960",0.000138424263780823,-13.8895105520075,12.8532064174819,96,10,9,-21.5,0,1
"961",0.161783404864833,3.4717069041292,9.07923781898742,97,10,9,-0.5,1,1
"962",0.161783404864833,3.4717069041292,9.07923781898742,97,10,9,-23.5,1,1
"963",0.161783404864833,3.4717069041292,9.07923781898742,97,10,9,-34.5,0,1
"964",0.161783404864833,3.4717069041292,9.07923781898742,97,10,9,-28.5,0,1
"965",0.161783404864833,3.4717069041292,9.07923781898742,97,10,9,-19.5,0,1
"966",0.161783404864833,3.4717069041292,9.07923781898742,97,10,9,-11.5,1,1
"967",0.161783404864833,3.4717069041292,9.07923781898742,97,10,9,-14.5,0,1
"968",0.161783404864833,3.4717069041292,9.07923781898742,97,10,9,-7.5,0,1
"969",0.161783404864833,3.4717069041292,9.07923781898742,97,10,9,-1.5,0,1
"970",0.161783404864833,3.4717069041292,9.07923781898742,97,10,9,3.5,0,1
"971",0.00135717339176444,15.3060985219807,11.2500546562906,98,10,9,-0.5,0,1
"972",0.00135717339176444,15.3060985219807,11.2500546562906,98,10,9,22.5,1,1
"973",0.00135717339176444,15.3060985219807,11.2500546562906,98,10,9,10.5,1,1
"974",0.00135717339176444,15.3060985219807,11.2500546562906,98,10,9,-1.5,0,1
"975",0.00135717339176444,15.3060985219807,11.2500546562906,98,10,9,6.5,0,1
"976",0.00135717339176444,15.3060985219807,11.2500546562906,98,10,9,13.5,1,1
"977",0.00135717339176444,15.3060985219807,11.2500546562906,98,10,9,5.5,1,1
"978",0.00135717339176444,15.3060985219807,11.2500546562906,98,10,9,-1.5,0,1
"979",0.00135717339176444,15.3060985219807,11.2500546562906,98,10,9,12.5,0,1
"980",0.00135717339176444,15.3060985219807,11.2500546562906,98,10,9,18.5,1,1
"981",0.00371191143050814,-3.70027575585935,10.7163622832398,99,10,9,-0.5,1,1
"982",0.00371191143050814,-3.70027575585935,10.7163622832398,99,10,9,-23.5,0,1
"983",0.00371191143050814,-3.70027575585935,10.7163622832398,99,10,9,-11.5,0,1
"984",0.00371191143050814,-3.70027575585935,10.7163622832398,99,10,9,0.5,1,1
"985",0.00371191143050814,-3.70027575585935,10.7163622832398,99,10,9,-7.5,0,1
"986",0.00371191143050814,-3.70027575585935,10.7163622832398,99,10,9,-3.5,0,1
"987",0.00371191143050814,-3.70027575585935,10.7163622832398,99,10,9,3.5,1,1
"988",0.00371191143050814,-3.70027575585935,10.7163622832398,99,10,9,2.5,1,1
"989",0.00371191143050814,-3.70027575585935,10.7163622832398,99,10,9,-5.5,0,1
"990",0.00371191143050814,-3.70027575585935,10.7163622832398,99,10,9,-4.5,0,1
"991",0.00417235948143568,-23.778578594338,11.2246055051999,100,10,9,-0.5,1,1
"992",0.00417235948143568,-23.778578594338,11.2246055051999,100,10,9,-23.5,0,1
"993",0.00417235948143568,-23.778578594338,11.2246055051999,100,10,9,-11.5,1,1
"994",0.00417235948143568,-23.778578594338,11.2246055051999,100,10,9,-19.5,1,1
"995",0.00417235948143568,-23.778578594338,11.2246055051999,100,10,9,-28.5,0,1
"996",0.00417235948143568,-23.778578594338,11.2246055051999,100,10,9,-25.5,0,1
"997",0.00417235948143568,-23.778578594338,11.2246055051999,100,10,9,-17.5,1,1
"998",0.00417235948143568,-23.778578594338,11.2246055051999,100,10,9,-25.5,0,1
"999",0.00417235948143568,-23.778578594338,11.2246055051999,100,10,9,-18.5,1,1
"1000",0.00417235948143568,-23.778578594338,11.2246055051999,100,10,9,-21.5,1,1
"1001",0.00310369316245346,-15.9979669660868,8.32282841033501,1,10,9,-0.5,1,2
"1002",0.00310369316245346,-15.9979669660868,8.32282841033501,1,10,9,-23.5,1,2
"1003",0.00310369316245346,-15.9979669660868,8.32282841033501,1,10,9,-34.5,0,2
"1004",0.00310369316245346,-15.9979669660868,8.32282841033501,1,10,9,-28.5,0,2
"1005",0.00310369316245346,-15.9979669660868,8.32282841033501,1,10,9,-19.5,0,2
"1006",0.00310369316245346,-15.9979669660868,8.32282841033501,1,10,9,-11.5,1,2
"1007",0.00310369316245346,-15.9979669660868,8.32282841033501,1,10,9,-14.5,1,2
"1008",0.00310369316245346,-15.9979669660868,8.32282841033501,1,10,9,-29.5,0,2
"1009",0.00310369316245346,-15.9979669660868,8.32282841033501,1,10,9,-13.5,0,2
"1010",0.00310369316245346,-15.9979669660868,8.32282841033501,1,10,9,-7.5,1,2
"1011",4.87422809957926e-05,-2.51247387045614,9.54596611853852,2,10,9,-0.5,0,2
"1012",4.87422809957926e-05,-2.51247387045614,9.54596611853852,2,10,9,22.5,1,2
"1013",4.87422809957926e-05,-2.51247387045614,9.54596611853852,2,10,9,10.5,1,2
"1014",4.87422809957926e-05,-2.51247387045614,9.54596611853852,2,10,9,-1.5,1,2
"1015",4.87422809957926e-05,-2.51247387045614,9.54596611853852,2,10,9,-13.5,0,2
"1016",4.87422809957926e-05,-2.51247387045614,9.54596611853852,2,10,9,-7.5,1,2
"1017",4.87422809957926e-05,-2.51247387045614,9.54596611853852,2,10,9,-15.5,0,2
"1018",4.87422809957926e-05,-2.51247387045614,9.54596611853852,2,10,9,-11.5,0,2
"1019",4.87422809957926e-05,-2.51247387045614,9.54596611853852,2,10,9,4.5,1,2
"1020",4.87422809957926e-05,-2.51247387045614,9.54596611853852,2,10,9,-14.5,0,2
"1021",0.0239855569376782,-0.604946784286219,11.4569170667457,3,10,9,-0.5,1,2
"1022",0.0239855569376782,-0.604946784286219,11.4569170667457,3,10,9,-23.5,0,2
"1023",0.0239855569376782,-0.604946784286219,11.4569170667457,3,10,9,-11.5,0,2
"1024",0.0239855569376782,-0.604946784286219,11.4569170667457,3,10,9,0.5,0,2
"1025",0.0239855569376782,-0.604946784286219,11.4569170667457,3,10,9,12.5,1,2
"1026",0.0239855569376782,-0.604946784286219,11.4569170667457,3,10,9,6.5,0,2
"1027",0.0239855569376782,-0.604946784286219,11.4569170667457,3,10,9,14.5,1,2
"1028",0.0239855569376782,-0.604946784286219,11.4569170667457,3,10,9,10.5,1,2
"1029",0.0239855569376782,-0.604946784286219,11.4569170667457,3,10,9,-5.5,0,2
"1030",0.0239855569376782,-0.604946784286219,11.4569170667457,3,10,9,13.5,1,2
"1031",0.226568394174336,3.00166763214421,6.3957696498322,4,10,9,-0.5,0,2
"1032",0.226568394174336,3.00166763214421,6.3957696498322,4,10,9,22.5,0,2
"1033",0.226568394174336,3.00166763214421,6.3957696498322,4,10,9,34.5,1,2
"1034",0.226568394174336,3.00166763214421,6.3957696498322,4,10,9,27.5,1,2
"1035",0.226568394174336,3.00166763214421,6.3957696498322,4,10,9,19.5,1,2
"1036",0.226568394174336,3.00166763214421,6.3957696498322,4,10,9,10.5,0,2
"1037",0.226568394174336,3.00166763214421,6.3957696498322,4,10,9,14.5,1,2
"1038",0.226568394174336,3.00166763214421,6.3957696498322,4,10,9,7.5,0,2
"1039",0.226568394174336,3.00166763214421,6.3957696498322,4,10,9,24.5,1,2
"1040",0.226568394174336,3.00166763214421,6.3957696498322,4,10,9,6.5,0,2
"1041",0.00610601823438566,-15.1359905670879,9.28488971542936,5,10,9,-0.5,1,2
"1042",0.00610601823438566,-15.1359905670879,9.28488971542936,5,10,9,-23.5,0,2
"1043",0.00610601823438566,-15.1359905670879,9.28488971542936,5,10,9,-11.5,0,2
"1044",0.00610601823438566,-15.1359905670879,9.28488971542936,5,10,9,0.5,1,2
"1045",0.00610601823438566,-15.1359905670879,9.28488971542936,5,10,9,-7.5,0,2
"1046",0.00610601823438566,-15.1359905670879,9.28488971542936,5,10,9,-3.5,1,2
"1047",0.00610601823438566,-15.1359905670879,9.28488971542936,5,10,9,-9.5,1,2
"1048",0.00610601823438566,-15.1359905670879,9.28488971542936,5,10,9,-16.5,0,2
"1049",0.00610601823438566,-15.1359905670879,9.28488971542936,5,10,9,-15.5,1,2
"1050",0.00610601823438566,-15.1359905670879,9.28488971542936,5,10,9,-21.5,1,2
"1051",0.0238027443365211,-3.76684580051931,13.6299826356568,6,10,9,-0.5,1,2
"1052",0.0238027443365211,-3.76684580051931,13.6299826356568,6,10,9,-23.5,0,2
"1053",0.0238027443365211,-3.76684580051931,13.6299826356568,6,10,9,-11.5,0,2
"1054",0.0238027443365211,-3.76684580051931,13.6299826356568,6,10,9,0.5,0,2
"1055",0.0238027443365211,-3.76684580051931,13.6299826356568,6,10,9,12.5,0,2
"1056",0.0238027443365211,-3.76684580051931,13.6299826356568,6,10,9,23.5,0,2
"1057",0.0238027443365211,-3.76684580051931,13.6299826356568,6,10,9,30.5,1,2
"1058",0.0238027443365211,-3.76684580051931,13.6299826356568,6,10,9,21.5,1,2
"1059",0.0238027443365211,-3.76684580051931,13.6299826356568,6,10,9,16.5,0,2
"1060",0.0238027443365211,-3.76684580051931,13.6299826356568,6,10,9,18.5,1,2
"1061",6.57075637139121e-05,6.15715052824358,8.80595677683446,7,10,9,-0.5,0,2
"1062",6.57075637139121e-05,6.15715052824358,8.80595677683446,7,10,9,22.5,1,2
"1063",6.57075637139121e-05,6.15715052824358,8.80595677683446,7,10,9,10.5,0,2
"1064",6.57075637139121e-05,6.15715052824358,8.80595677683446,7,10,9,18.5,1,2
"1065",6.57075637139121e-05,6.15715052824358,8.80595677683446,7,10,9,13.5,0,2
"1066",6.57075637139121e-05,6.15715052824358,8.80595677683446,7,10,9,20.5,1,2
"1067",6.57075637139121e-05,6.15715052824358,8.80595677683446,7,10,9,12.5,0,2
"1068",6.57075637139121e-05,6.15715052824358,8.80595677683446,7,10,9,16.5,1,2
"1069",6.57075637139121e-05,6.15715052824358,8.80595677683446,7,10,9,11.5,1,2
"1070",6.57075637139121e-05,6.15715052824358,8.80595677683446,7,10,9,5.5,0,2
"1071",0.0331255140618509,-5.48628490471107,16.8669189850486,8,10,9,-0.5,1,2
"1072",0.0331255140618509,-5.48628490471107,16.8669189850486,8,10,9,-23.5,0,2
"1073",0.0331255140618509,-5.48628490471107,16.8669189850486,8,10,9,-11.5,1,2
"1074",0.0331255140618509,-5.48628490471107,16.8669189850486,8,10,9,-19.5,1,2
"1075",0.0331255140618509,-5.48628490471107,16.8669189850486,8,10,9,-28.5,0,2
"1076",0.0331255140618509,-5.48628490471107,16.8669189850486,8,10,9,-25.5,1,2
"1077",0.0331255140618509,-5.48628490471107,16.8669189850486,8,10,9,-32.5,0,2
"1078",0.0331255140618509,-5.48628490471107,16.8669189850486,8,10,9,-31.5,0,2
"1079",0.0331255140618509,-5.48628490471107,16.8669189850486,8,10,9,-16.5,0,2
"1080",0.0331255140618509,-5.48628490471107,16.8669189850486,8,10,9,-9.5,0,2
"1081",0.000569413335137507,-16.449443484846,5.19697663287972,9,10,9,-0.5,1,2
"1082",0.000569413335137507,-16.449443484846,5.19697663287972,9,10,9,-23.5,0,2
"1083",0.000569413335137507,-16.449443484846,5.19697663287972,9,10,9,-11.5,0,2
"1084",0.000569413335137507,-16.449443484846,5.19697663287972,9,10,9,0.5,1,2
"1085",0.000569413335137507,-16.449443484846,5.19697663287972,9,10,9,-7.5,1,2
"1086",0.000569413335137507,-16.449443484846,5.19697663287972,9,10,9,-14.5,1,2
"1087",0.000569413335137507,-16.449443484846,5.19697663287972,9,10,9,-23.5,1,2
"1088",0.000569413335137507,-16.449443484846,5.19697663287972,9,10,9,-30.5,0,2
"1089",0.000569413335137507,-16.449443484846,5.19697663287972,9,10,9,-29.5,0,2
"1090",0.000569413335137507,-16.449443484846,5.19697663287972,9,10,9,-27.5,0,2
"1091",0.00129582076051435,34.0115885462063,7.40962560478082,10,10,9,-0.5,0,2
"1092",0.00129582076051435,34.0115885462063,7.40962560478082,10,10,9,22.5,0,2
"1093",0.00129582076051435,34.0115885462063,7.40962560478082,10,10,9,34.5,1,2
"1094",0.00129582076051435,34.0115885462063,7.40962560478082,10,10,9,27.5,1,2
"1095",0.00129582076051435,34.0115885462063,7.40962560478082,10,10,9,19.5,0,2
"1096",0.00129582076051435,34.0115885462063,7.40962560478082,10,10,9,29.5,1,2
"1097",0.00129582076051435,34.0115885462063,7.40962560478082,10,10,9,20.5,0,2
"1098",0.00129582076051435,34.0115885462063,7.40962560478082,10,10,9,25.5,1,2
"1099",0.00129582076051435,34.0115885462063,7.40962560478082,10,10,9,20.5,0,2
"1100",0.00129582076051435,34.0115885462063,7.40962560478082,10,10,9,26.5,1,2
"1101",0.000813922368442476,1.68774591987881,9.39995745499831,11,10,9,-0.5,1,2
"1102",0.000813922368442476,1.68774591987881,9.39995745499831,11,10,9,-23.5,0,2
"1103",0.000813922368442476,1.68774591987881,9.39995745499831,11,10,9,-11.5,0,2
"1104",0.000813922368442476,1.68774591987881,9.39995745499831,11,10,9,0.5,0,2
"1105",0.000813922368442476,1.68774591987881,9.39995745499831,11,10,9,12.5,1,2
"1106",0.000813922368442476,1.68774591987881,9.39995745499831,11,10,9,6.5,1,2
"1107",0.000813922368442476,1.68774591987881,9.39995745499831,11,10,9,-6.5,1,2
"1108",0.000813922368442476,1.68774591987881,9.39995745499831,11,10,9,-13.5,0,2
"1109",0.000813922368442476,1.68774591987881,9.39995745499831,11,10,9,-12.5,0,2
"1110",0.000813922368442476,1.68774591987881,9.39995745499831,11,10,9,5.5,0,2
"1111",0.0116265053857217,-8.20265585244198,9.65379244025665,12,10,9,-0.5,1,2
"1112",0.0116265053857217,-8.20265585244198,9.65379244025665,12,10,9,-23.5,0,2
"1113",0.0116265053857217,-8.20265585244198,9.65379244025665,12,10,9,-11.5,0,2
"1114",0.0116265053857217,-8.20265585244198,9.65379244025665,12,10,9,0.5,1,2
"1115",0.0116265053857217,-8.20265585244198,9.65379244025665,12,10,9,-7.5,0,2
"1116",0.0116265053857217,-8.20265585244198,9.65379244025665,12,10,9,-3.5,0,2
"1117",0.0116265053857217,-8.20265585244198,9.65379244025665,12,10,9,3.5,1,2
"1118",0.0116265053857217,-8.20265585244198,9.65379244025665,12,10,9,2.5,1,2
"1119",0.0116265053857217,-8.20265585244198,9.65379244025665,12,10,9,-5.5,1,2
"1120",0.0116265053857217,-8.20265585244198,9.65379244025665,12,10,9,-12.5,0,2
"1121",0.000443299817835596,-16.5017120917661,12.1812076021183,13,10,9,-0.5,1,2
"1122",0.000443299817835596,-16.5017120917661,12.1812076021183,13,10,9,-23.5,0,2
"1123",0.000443299817835596,-16.5017120917661,12.1812076021183,13,10,9,-11.5,1,2
"1124",0.000443299817835596,-16.5017120917661,12.1812076021183,13,10,9,-19.5,0,2
"1125",0.000443299817835596,-16.5017120917661,12.1812076021183,13,10,9,-14.5,1,2
"1126",0.000443299817835596,-16.5017120917661,12.1812076021183,13,10,9,-21.5,0,2
"1127",0.000443299817835596,-16.5017120917661,12.1812076021183,13,10,9,-13.5,1,2
"1128",0.000443299817835596,-16.5017120917661,12.1812076021183,13,10,9,-17.5,0,2
"1129",0.000443299817835596,-16.5017120917661,12.1812076021183,13,10,9,-12.5,1,2
"1130",0.000443299817835596,-16.5017120917661,12.1812076021183,13,10,9,-18.5,1,2
"1131",0.0103142633513525,-5.44582415695157,11.4234257356416,14,10,9,-0.5,1,2
"1132",0.0103142633513525,-5.44582415695157,11.4234257356416,14,10,9,-23.5,0,2
"1133",0.0103142633513525,-5.44582415695157,11.4234257356416,14,10,9,-11.5,0,2
"1134",0.0103142633513525,-5.44582415695157,11.4234257356416,14,10,9,0.5,1,2
"1135",0.0103142633513525,-5.44582415695157,11.4234257356416,14,10,9,-7.5,0,2
"1136",0.0103142633513525,-5.44582415695157,11.4234257356416,14,10,9,-3.5,0,2
"1137",0.0103142633513525,-5.44582415695157,11.4234257356416,14,10,9,3.5,1,2
"1138",0.0103142633513525,-5.44582415695157,11.4234257356416,14,10,9,2.5,0,2
"1139",0.0103142633513525,-5.44582415695157,11.4234257356416,14,10,9,9.5,0,2
"1140",0.0103142633513525,-5.44582415695157,11.4234257356416,14,10,9,15.5,1,2
"1141",0.018306573802494,-7.63035102360551,9.82745070321069,15,10,9,-0.5,1,2
"1142",0.018306573802494,-7.63035102360551,9.82745070321069,15,10,9,-23.5,0,2
"1143",0.018306573802494,-7.63035102360551,9.82745070321069,15,10,9,-11.5,1,2
"1144",0.018306573802494,-7.63035102360551,9.82745070321069,15,10,9,-19.5,0,2
"1145",0.018306573802494,-7.63035102360551,9.82745070321069,15,10,9,-14.5,1,2
"1146",0.018306573802494,-7.63035102360551,9.82745070321069,15,10,9,-21.5,0,2
"1147",0.018306573802494,-7.63035102360551,9.82745070321069,15,10,9,-13.5,0,2
"1148",0.018306573802494,-7.63035102360551,9.82745070321069,15,10,9,-6.5,0,2
"1149",0.018306573802494,-7.63035102360551,9.82745070321069,15,10,9,0.5,1,2
"1150",0.018306573802494,-7.63035102360551,9.82745070321069,15,10,9,-0.5,1,2
"1151",0.000740890037550572,-4.97258519490872,7.57933889579703,16,10,9,-0.5,1,2
"1152",0.000740890037550572,-4.97258519490872,7.57933889579703,16,10,9,-23.5,0,2
"1153",0.000740890037550572,-4.97258519490872,7.57933889579703,16,10,9,-11.5,0,2
"1154",0.000740890037550572,-4.97258519490872,7.57933889579703,16,10,9,0.5,1,2
"1155",0.000740890037550572,-4.97258519490872,7.57933889579703,16,10,9,-7.5,0,2
"1156",0.000740890037550572,-4.97258519490872,7.57933889579703,16,10,9,-3.5,1,2
"1157",0.000740890037550572,-4.97258519490872,7.57933889579703,16,10,9,-9.5,0,2
"1158",0.000740890037550572,-4.97258519490872,7.57933889579703,16,10,9,-1.5,1,2
"1159",0.000740890037550572,-4.97258519490872,7.57933889579703,16,10,9,-5.5,0,2
"1160",0.000740890037550572,-4.97258519490872,7.57933889579703,16,10,9,-1.5,0,2
"1161",0.00983096978494425,-27.4842020817887,6.2317899386605,17,10,9,-0.5,1,2
"1162",0.00983096978494425,-27.4842020817887,6.2317899386605,17,10,9,-23.5,1,2
"1163",0.00983096978494425,-27.4842020817887,6.2317899386605,17,10,9,-34.5,1,2
"1164",0.00983096978494425,-27.4842020817887,6.2317899386605,17,10,9,-40.5,0,2
"1165",0.00983096978494425,-27.4842020817887,6.2317899386605,17,10,9,-33.5,1,2
"1166",0.00983096978494425,-27.4842020817887,6.2317899386605,17,10,9,-41.5,0,2
"1167",0.00983096978494425,-27.4842020817887,6.2317899386605,17,10,9,-37.5,0,2
"1168",0.00983096978494425,-27.4842020817887,6.2317899386605,17,10,9,-31.5,0,2
"1169",0.00983096978494425,-27.4842020817887,6.2317899386605,17,10,9,-24.5,1,2
"1170",0.00983096978494425,-27.4842020817887,6.2317899386605,17,10,9,-25.5,1,2
"1171",0.00148417434766977,-22.2197425452801,17.4907685641576,18,10,9,-0.5,1,2
"1172",0.00148417434766977,-22.2197425452801,17.4907685641576,18,10,9,-23.5,0,2
"1173",0.00148417434766977,-22.2197425452801,17.4907685641576,18,10,9,-11.5,0,2
"1174",0.00148417434766977,-22.2197425452801,17.4907685641576,18,10,9,0.5,1,2
"1175",0.00148417434766977,-22.2197425452801,17.4907685641576,18,10,9,-7.5,0,2
"1176",0.00148417434766977,-22.2197425452801,17.4907685641576,18,10,9,-3.5,1,2
"1177",0.00148417434766977,-22.2197425452801,17.4907685641576,18,10,9,-9.5,1,2
"1178",0.00148417434766977,-22.2197425452801,17.4907685641576,18,10,9,-16.5,1,2
"1179",0.00148417434766977,-22.2197425452801,17.4907685641576,18,10,9,-23.5,1,2
"1180",0.00148417434766977,-22.2197425452801,17.4907685641576,18,10,9,-28.5,0,2
"1181",0.000116264974194751,12.3080643580036,14.7284616880842,19,10,9,-0.5,0,2
"1182",0.000116264974194751,12.3080643580036,14.7284616880842,19,10,9,22.5,1,2
"1183",0.000116264974194751,12.3080643580036,14.7284616880842,19,10,9,10.5,0,2
"1184",0.000116264974194751,12.3080643580036,14.7284616880842,19,10,9,18.5,1,2
"1185",0.000116264974194751,12.3080643580036,14.7284616880842,19,10,9,13.5,1,2
"1186",0.000116264974194751,12.3080643580036,14.7284616880842,19,10,9,5.5,0,2
"1187",0.000116264974194751,12.3080643580036,14.7284616880842,19,10,9,8.5,0,2
"1188",0.000116264974194751,12.3080643580036,14.7284616880842,19,10,9,16.5,0,2
"1189",0.000116264974194751,12.3080643580036,14.7284616880842,19,10,9,24.5,1,2
"1190",0.000116264974194751,12.3080643580036,14.7284616880842,19,10,9,22.5,1,2
"1191",0.000593958305811175,-5.41165639888571,7.01874036382183,20,10,9,-0.5,1,2
"1192",0.000593958305811175,-5.41165639888571,7.01874036382183,20,10,9,-23.5,0,2
"1193",0.000593958305811175,-5.41165639888571,7.01874036382183,20,10,9,-11.5,0,2
"1194",0.000593958305811175,-5.41165639888571,7.01874036382183,20,10,9,0.5,0,2
"1195",0.000593958305811175,-5.41165639888571,7.01874036382183,20,10,9,12.5,1,2
"1196",0.000593958305811175,-5.41165639888571,7.01874036382183,20,10,9,6.5,1,2
"1197",0.000593958305811175,-5.41165639888571,7.01874036382183,20,10,9,-6.5,0,2
"1198",0.000593958305811175,-5.41165639888571,7.01874036382183,20,10,9,7.5,1,2
"1199",0.000593958305811175,-5.41165639888571,7.01874036382183,20,10,9,-6.5,0,2
"1200",0.000593958305811175,-5.41165639888571,7.01874036382183,20,10,9,6.5,1,2
"1201",0.0218101686711066,12.3361114701656,8.45675530441549,21,10,9,-0.5,0,2
"1202",0.0218101686711066,12.3361114701656,8.45675530441549,21,10,9,22.5,1,2
"1203",0.0218101686711066,12.3361114701656,8.45675530441549,21,10,9,10.5,0,2
"1204",0.0218101686711066,12.3361114701656,8.45675530441549,21,10,9,18.5,0,2
"1205",0.0218101686711066,12.3361114701656,8.45675530441549,21,10,9,27.5,1,2
"1206",0.0218101686711066,12.3361114701656,8.45675530441549,21,10,9,25.5,0,2
"1207",0.0218101686711066,12.3361114701656,8.45675530441549,21,10,9,32.5,1,2
"1208",0.0218101686711066,12.3361114701656,8.45675530441549,21,10,9,31.5,1,2
"1209",0.0218101686711066,12.3361114701656,8.45675530441549,21,10,9,15.5,1,2
"1210",0.0218101686711066,12.3361114701656,8.45675530441549,21,10,9,8.5,0,2
"1211",0.0103488704482339,14.6855500208918,7.028209217633,22,10,9,-0.5,0,2
"1212",0.0103488704482339,14.6855500208918,7.028209217633,22,10,9,22.5,1,2
"1213",0.0103488704482339,14.6855500208918,7.028209217633,22,10,9,10.5,0,2
"1214",0.0103488704482339,14.6855500208918,7.028209217633,22,10,9,18.5,1,2
"1215",0.0103488704482339,14.6855500208918,7.028209217633,22,10,9,13.5,1,2
"1216",0.0103488704482339,14.6855500208918,7.028209217633,22,10,9,5.5,0,2
"1217",0.0103488704482339,14.6855500208918,7.028209217633,22,10,9,8.5,0,2
"1218",0.0103488704482339,14.6855500208918,7.028209217633,22,10,9,16.5,0,2
"1219",0.0103488704482339,14.6855500208918,7.028209217633,22,10,9,24.5,1,2
"1220",0.0103488704482339,14.6855500208918,7.028209217633,22,10,9,22.5,1,2
"1221",0.0121807913550408,-8.18341117059497,6.04357377202525,23,10,9,-0.5,1,2
"1222",0.0121807913550408,-8.18341117059497,6.04357377202525,23,10,9,-23.5,0,2
"1223",0.0121807913550408,-8.18341117059497,6.04357377202525,23,10,9,-11.5,0,2
"1224",0.0121807913550408,-8.18341117059497,6.04357377202525,23,10,9,0.5,0,2
"1225",0.0121807913550408,-8.18341117059497,6.04357377202525,23,10,9,12.5,1,2
"1226",0.0121807913550408,-8.18341117059497,6.04357377202525,23,10,9,6.5,1,2
"1227",0.0121807913550408,-8.18341117059497,6.04357377202525,23,10,9,-6.5,1,2
"1228",0.0121807913550408,-8.18341117059497,6.04357377202525,23,10,9,-13.5,1,2
"1229",0.0121807913550408,-8.18341117059497,6.04357377202525,23,10,9,-19.5,0,2
"1230",0.0121807913550408,-8.18341117059497,6.04357377202525,23,10,9,-18.5,0,2
"1231",3.26283770825194e-05,-15.9610754239677,10.101500192109,24,10,9,-0.5,1,2
"1232",3.26283770825194e-05,-15.9610754239677,10.101500192109,24,10,9,-23.5,0,2
"1233",3.26283770825194e-05,-15.9610754239677,10.101500192109,24,10,9,-11.5,1,2
"1234",3.26283770825194e-05,-15.9610754239677,10.101500192109,24,10,9,-19.5,0,2
"1235",3.26283770825194e-05,-15.9610754239677,10.101500192109,24,10,9,-14.5,0,2
"1236",3.26283770825194e-05,-15.9610754239677,10.101500192109,24,10,9,-6.5,1,2
"1237",3.26283770825194e-05,-15.9610754239677,10.101500192109,24,10,9,-9.5,1,2
"1238",3.26283770825194e-05,-15.9610754239677,10.101500192109,24,10,9,-17.5,1,2
"1239",3.26283770825194e-05,-15.9610754239677,10.101500192109,24,10,9,-25.5,0,2
"1240",3.26283770825194e-05,-15.9610754239677,10.101500192109,24,10,9,-23.5,0,2
"1241",0.00234854360636902,-20.2910340190387,16.7603669139735,25,10,9,-0.5,1,2
"1242",0.00234854360636902,-20.2910340190387,16.7603669139735,25,10,9,-23.5,0,2
"1243",0.00234854360636902,-20.2910340190387,16.7603669139735,25,10,9,-11.5,1,2
"1244",0.00234854360636902,-20.2910340190387,16.7603669139735,25,10,9,-19.5,1,2
"1245",0.00234854360636902,-20.2910340190387,16.7603669139735,25,10,9,-28.5,1,2
"1246",0.00234854360636902,-20.2910340190387,16.7603669139735,25,10,9,-35.5,0,2
"1247",0.00234854360636902,-20.2910340190387,16.7603669139735,25,10,9,-34.5,0,2
"1248",0.00234854360636902,-20.2910340190387,16.7603669139735,25,10,9,-32.5,0,2
"1249",0.00234854360636902,-20.2910340190387,16.7603669139735,25,10,9,-17.5,0,2
"1250",0.00234854360636902,-20.2910340190387,16.7603669139735,25,10,9,-11.5,1,2
"1251",0.00231383061931824,-7.89684151761063,9.52236627574451,26,10,9,-0.5,1,2
"1252",0.00231383061931824,-7.89684151761063,9.52236627574451,26,10,9,-23.5,0,2
"1253",0.00231383061931824,-7.89684151761063,9.52236627574451,26,10,9,-11.5,1,2
"1254",0.00231383061931824,-7.89684151761063,9.52236627574451,26,10,9,-19.5,0,2
"1255",0.00231383061931824,-7.89684151761063,9.52236627574451,26,10,9,-14.5,1,2
"1256",0.00231383061931824,-7.89684151761063,9.52236627574451,26,10,9,-21.5,0,2
"1257",0.00231383061931824,-7.89684151761063,9.52236627574451,26,10,9,-13.5,0,2
"1258",0.00231383061931824,-7.89684151761063,9.52236627574451,26,10,9,-6.5,1,2
"1259",0.00231383061931824,-7.89684151761063,9.52236627574451,26,10,9,-7.5,0,2
"1260",0.00231383061931824,-7.89684151761063,9.52236627574451,26,10,9,-1.5,1,2
"1261",0.0100106886834005,-10.4706436968666,8.35298352404432,27,10,9,-0.5,1,2
"1262",0.0100106886834005,-10.4706436968666,8.35298352404432,27,10,9,-23.5,0,2
"1263",0.0100106886834005,-10.4706436968666,8.35298352404432,27,10,9,-11.5,0,2
"1264",0.0100106886834005,-10.4706436968666,8.35298352404432,27,10,9,0.5,1,2
"1265",0.0100106886834005,-10.4706436968666,8.35298352404432,27,10,9,-7.5,1,2
"1266",0.0100106886834005,-10.4706436968666,8.35298352404432,27,10,9,-14.5,0,2
"1267",0.0100106886834005,-10.4706436968666,8.35298352404432,27,10,9,-6.5,0,2
"1268",0.0100106886834005,-10.4706436968666,8.35298352404432,27,10,9,0.5,1,2
"1269",0.0100106886834005,-10.4706436968666,8.35298352404432,27,10,9,-13.5,1,2
"1270",0.0100106886834005,-10.4706436968666,8.35298352404432,27,10,9,-19.5,0,2
"1271",1.19009348874871e-05,-10.0162663515851,11.8233044962818,28,10,9,-0.5,1,2
"1272",1.19009348874871e-05,-10.0162663515851,11.8233044962818,28,10,9,-23.5,0,2
"1273",1.19009348874871e-05,-10.0162663515851,11.8233044962818,28,10,9,-11.5,1,2
"1274",1.19009348874871e-05,-10.0162663515851,11.8233044962818,28,10,9,-19.5,1,2
"1275",1.19009348874871e-05,-10.0162663515851,11.8233044962818,28,10,9,-28.5,0,2
"1276",1.19009348874871e-05,-10.0162663515851,11.8233044962818,28,10,9,-25.5,0,2
"1277",1.19009348874871e-05,-10.0162663515851,11.8233044962818,28,10,9,-17.5,1,2
"1278",1.19009348874871e-05,-10.0162663515851,11.8233044962818,28,10,9,-25.5,0,2
"1279",1.19009348874871e-05,-10.0162663515851,11.8233044962818,28,10,9,-18.5,1,2
"1280",1.19009348874871e-05,-10.0162663515851,11.8233044962818,28,10,9,-21.5,0,2
"1281",0.00161583578552862,-5.76634687866755,9.4505203338555,29,10,9,-0.5,1,2
"1282",0.00161583578552862,-5.76634687866755,9.4505203338555,29,10,9,-23.5,0,2
"1283",0.00161583578552862,-5.76634687866755,9.4505203338555,29,10,9,-11.5,0,2
"1284",0.00161583578552862,-5.76634687866755,9.4505203338555,29,10,9,0.5,1,2
"1285",0.00161583578552862,-5.76634687866755,9.4505203338555,29,10,9,-7.5,0,2
"1286",0.00161583578552862,-5.76634687866755,9.4505203338555,29,10,9,-3.5,0,2
"1287",0.00161583578552862,-5.76634687866755,9.4505203338555,29,10,9,3.5,1,2
"1288",0.00161583578552862,-5.76634687866755,9.4505203338555,29,10,9,2.5,1,2
"1289",0.00161583578552862,-5.76634687866755,9.4505203338555,29,10,9,-5.5,0,2
"1290",0.00161583578552862,-5.76634687866755,9.4505203338555,29,10,9,-4.5,0,2
"1291",0.00402029337488763,4.09703817632002,4.4920265900632,30,10,9,-0.5,0,2
"1292",0.00402029337488763,4.09703817632002,4.4920265900632,30,10,9,22.5,1,2
"1293",0.00402029337488763,4.09703817632002,4.4920265900632,30,10,9,10.5,1,2
"1294",0.00402029337488763,4.09703817632002,4.4920265900632,30,10,9,-1.5,0,2
"1295",0.00402029337488763,4.09703817632002,4.4920265900632,30,10,9,6.5,0,2
"1296",0.00402029337488763,4.09703817632002,4.4920265900632,30,10,9,13.5,1,2
"1297",0.00402029337488763,4.09703817632002,4.4920265900632,30,10,9,5.5,1,2
"1298",0.00402029337488763,4.09703817632002,4.4920265900632,30,10,9,-1.5,0,2
"1299",0.00402029337488763,4.09703817632002,4.4920265900632,30,10,9,12.5,1,2
"1300",0.00402029337488763,4.09703817632002,4.4920265900632,30,10,9,-0.5,0,2
"1301",0.0638310650652149,-10.996299043895,9.73396226136253,31,10,9,-0.5,1,2
"1302",0.0638310650652149,-10.996299043895,9.73396226136253,31,10,9,-23.5,0,2
"1303",0.0638310650652149,-10.996299043895,9.73396226136253,31,10,9,-11.5,0,2
"1304",0.0638310650652149,-10.996299043895,9.73396226136253,31,10,9,0.5,1,2
"1305",0.0638310650652149,-10.996299043895,9.73396226136253,31,10,9,-7.5,0,2
"1306",0.0638310650652149,-10.996299043895,9.73396226136253,31,10,9,-3.5,0,2
"1307",0.0638310650652149,-10.996299043895,9.73396226136253,31,10,9,3.5,1,2
"1308",0.0638310650652149,-10.996299043895,9.73396226136253,31,10,9,2.5,1,2
"1309",0.0638310650652149,-10.996299043895,9.73396226136253,31,10,9,-5.5,1,2
"1310",0.0638310650652149,-10.996299043895,9.73396226136253,31,10,9,-12.5,1,2
"1311",2.00887398822108e-05,-3.00641111555996,8.22470360117096,32,10,9,-0.5,1,2
"1312",2.00887398822108e-05,-3.00641111555996,8.22470360117096,32,10,9,-23.5,0,2
"1313",2.00887398822108e-05,-3.00641111555996,8.22470360117096,32,10,9,-11.5,0,2
"1314",2.00887398822108e-05,-3.00641111555996,8.22470360117096,32,10,9,0.5,0,2
"1315",2.00887398822108e-05,-3.00641111555996,8.22470360117096,32,10,9,12.5,1,2
"1316",2.00887398822108e-05,-3.00641111555996,8.22470360117096,32,10,9,6.5,1,2
"1317",2.00887398822108e-05,-3.00641111555996,8.22470360117096,32,10,9,-6.5,1,2
"1318",2.00887398822108e-05,-3.00641111555996,8.22470360117096,32,10,9,-13.5,0,2
"1319",2.00887398822108e-05,-3.00641111555996,8.22470360117096,32,10,9,-12.5,0,2
"1320",2.00887398822108e-05,-3.00641111555996,8.22470360117096,32,10,9,5.5,1,2
"1321",0.000159201494165201,-5.20262541008632,12.0312493206002,33,10,9,-0.5,1,2
"1322",0.000159201494165201,-5.20262541008632,12.0312493206002,33,10,9,-23.5,0,2
"1323",0.000159201494165201,-5.20262541008632,12.0312493206002,33,10,9,-11.5,0,2
"1324",0.000159201494165201,-5.20262541008632,12.0312493206002,33,10,9,0.5,1,2
"1325",0.000159201494165201,-5.20262541008632,12.0312493206002,33,10,9,-7.5,1,2
"1326",0.000159201494165201,-5.20262541008632,12.0312493206002,33,10,9,-14.5,0,2
"1327",0.000159201494165201,-5.20262541008632,12.0312493206002,33,10,9,-6.5,1,2
"1328",0.000159201494165201,-5.20262541008632,12.0312493206002,33,10,9,-13.5,0,2
"1329",0.000159201494165201,-5.20262541008632,12.0312493206002,33,10,9,-9.5,1,2
"1330",0.000159201494165201,-5.20262541008632,12.0312493206002,33,10,9,-14.5,0,2
"1331",0.00211096222112461,-7.15212306493546,10.1762270165475,34,10,9,-0.5,0,2
"1332",0.00211096222112461,-7.15212306493546,10.1762270165475,34,10,9,22.5,1,2
"1333",0.00211096222112461,-7.15212306493546,10.1762270165475,34,10,9,10.5,1,2
"1334",0.00211096222112461,-7.15212306493546,10.1762270165475,34,10,9,-1.5,1,2
"1335",0.00211096222112461,-7.15212306493546,10.1762270165475,34,10,9,-13.5,0,2
"1336",0.00211096222112461,-7.15212306493546,10.1762270165475,34,10,9,-7.5,1,2
"1337",0.00211096222112461,-7.15212306493546,10.1762270165475,34,10,9,-15.5,0,2
"1338",0.00211096222112461,-7.15212306493546,10.1762270165475,34,10,9,-11.5,0,2
"1339",0.00211096222112461,-7.15212306493546,10.1762270165475,34,10,9,4.5,1,2
"1340",0.00211096222112461,-7.15212306493546,10.1762270165475,34,10,9,-14.5,0,2
"1341",0.00150726900183216,-8.28482694643207,10.8172416201114,35,10,9,-0.5,1,2
"1342",0.00150726900183216,-8.28482694643207,10.8172416201114,35,10,9,-23.5,0,2
"1343",0.00150726900183216,-8.28482694643207,10.8172416201114,35,10,9,-11.5,1,2
"1344",0.00150726900183216,-8.28482694643207,10.8172416201114,35,10,9,-19.5,0,2
"1345",0.00150726900183216,-8.28482694643207,10.8172416201114,35,10,9,-14.5,0,2
"1346",0.00150726900183216,-8.28482694643207,10.8172416201114,35,10,9,-6.5,1,2
"1347",0.00150726900183216,-8.28482694643207,10.8172416201114,35,10,9,-9.5,0,2
"1348",0.00150726900183216,-8.28482694643207,10.8172416201114,35,10,9,-2.5,1,2
"1349",0.00150726900183216,-8.28482694643207,10.8172416201114,35,10,9,-17.5,0,2
"1350",0.00150726900183216,-8.28482694643207,10.8172416201114,35,10,9,-2.5,0,2
"1351",0.000432452540087065,-4.46168894923927,9.07974074265234,36,10,9,-0.5,1,2
"1352",0.000432452540087065,-4.46168894923927,9.07974074265234,36,10,9,-23.5,0,2
"1353",0.000432452540087065,-4.46168894923927,9.07974074265234,36,10,9,-11.5,1,2
"1354",0.000432452540087065,-4.46168894923927,9.07974074265234,36,10,9,-19.5,0,2
"1355",0.000432452540087065,-4.46168894923927,9.07974074265234,36,10,9,-14.5,0,2
"1356",0.000432452540087065,-4.46168894923927,9.07974074265234,36,10,9,-6.5,0,2
"1357",0.000432452540087065,-4.46168894923927,9.07974074265234,36,10,9,2.5,0,2
"1358",0.000432452540087065,-4.46168894923927,9.07974074265234,36,10,9,10.5,1,2
"1359",0.000432452540087065,-4.46168894923927,9.07974074265234,36,10,9,7.5,1,2
"1360",0.000432452540087065,-4.46168894923927,9.07974074265234,36,10,9,6.5,1,2
"1361",0.000786368983082407,17.9960981473577,11.6672411665021,37,10,9,-0.5,0,2
"1362",0.000786368983082407,17.9960981473577,11.6672411665021,37,10,9,22.5,1,2
"1363",0.000786368983082407,17.9960981473577,11.6672411665021,37,10,9,10.5,0,2
"1364",0.000786368983082407,17.9960981473577,11.6672411665021,37,10,9,18.5,0,2
"1365",0.000786368983082407,17.9960981473577,11.6672411665021,37,10,9,27.5,0,2
"1366",0.000786368983082407,17.9960981473577,11.6672411665021,37,10,9,34.5,1,2
"1367",0.000786368983082407,17.9960981473577,11.6672411665021,37,10,9,33.5,1,2
"1368",0.000786368983082407,17.9960981473577,11.6672411665021,37,10,9,31.5,1,2
"1369",0.000786368983082407,17.9960981473577,11.6672411665021,37,10,9,16.5,1,2
"1370",0.000786368983082407,17.9960981473577,11.6672411665021,37,10,9,10.5,0,2
"1371",0.0582180970598945,-5.59821872779919,14.2327138193294,38,10,9,-0.5,1,2
"1372",0.0582180970598945,-5.59821872779919,14.2327138193294,38,10,9,-23.5,0,2
"1373",0.0582180970598945,-5.59821872779919,14.2327138193294,38,10,9,-11.5,1,2
"1374",0.0582180970598945,-5.59821872779919,14.2327138193294,38,10,9,-19.5,0,2
"1375",0.0582180970598945,-5.59821872779919,14.2327138193294,38,10,9,-14.5,0,2
"1376",0.0582180970598945,-5.59821872779919,14.2327138193294,38,10,9,-6.5,1,2
"1377",0.0582180970598945,-5.59821872779919,14.2327138193294,38,10,9,-9.5,0,2
"1378",0.0582180970598945,-5.59821872779919,14.2327138193294,38,10,9,-2.5,1,2
"1379",0.0582180970598945,-5.59821872779919,14.2327138193294,38,10,9,-17.5,0,2
"1380",0.0582180970598945,-5.59821872779919,14.2327138193294,38,10,9,-2.5,0,2
"1381",0.000177825482281741,8.29413246174042,7.58618825636864,39,10,9,-0.5,0,2
"1382",0.000177825482281741,8.29413246174042,7.58618825636864,39,10,9,22.5,1,2
"1383",0.000177825482281741,8.29413246174042,7.58618825636864,39,10,9,10.5,0,2
"1384",0.000177825482281741,8.29413246174042,7.58618825636864,39,10,9,18.5,1,2
"1385",0.000177825482281741,8.29413246174042,7.58618825636864,39,10,9,13.5,1,2
"1386",0.000177825482281741,8.29413246174042,7.58618825636864,39,10,9,5.5,0,2
"1387",0.000177825482281741,8.29413246174042,7.58618825636864,39,10,9,8.5,0,2
"1388",0.000177825482281741,8.29413246174042,7.58618825636864,39,10,9,16.5,1,2
"1389",0.000177825482281741,8.29413246174042,7.58618825636864,39,10,9,9.5,1,2
"1390",0.000177825482281741,8.29413246174042,7.58618825636864,39,10,9,3.5,0,2
"1391",0.000501428805690794,7.92042841735357,7.53373080228489,40,10,9,-0.5,0,2
"1392",0.000501428805690794,7.92042841735357,7.53373080228489,40,10,9,22.5,1,2
"1393",0.000501428805690794,7.92042841735357,7.53373080228489,40,10,9,10.5,0,2
"1394",0.000501428805690794,7.92042841735357,7.53373080228489,40,10,9,18.5,1,2
"1395",0.000501428805690794,7.92042841735357,7.53373080228489,40,10,9,13.5,1,2
"1396",0.000501428805690794,7.92042841735357,7.53373080228489,40,10,9,5.5,0,2
"1397",0.000501428805690794,7.92042841735357,7.53373080228489,40,10,9,8.5,1,2
"1398",0.000501428805690794,7.92042841735357,7.53373080228489,40,10,9,1.5,0,2
"1399",0.000501428805690794,7.92042841735357,7.53373080228489,40,10,9,16.5,1,2
"1400",0.000501428805690794,7.92042841735357,7.53373080228489,40,10,9,1.5,0,2
"1401",0.451784070728942,15.7335948529538,10.6239004732343,41,10,9,-0.5,0,2
"1402",0.451784070728942,15.7335948529538,10.6239004732343,41,10,9,22.5,1,2
"1403",0.451784070728942,15.7335948529538,10.6239004732343,41,10,9,10.5,1,2
"1404",0.451784070728942,15.7335948529538,10.6239004732343,41,10,9,-1.5,1,2
"1405",0.451784070728942,15.7335948529538,10.6239004732343,41,10,9,-13.5,0,2
"1406",0.451784070728942,15.7335948529538,10.6239004732343,41,10,9,-7.5,0,2
"1407",0.451784070728942,15.7335948529538,10.6239004732343,41,10,9,5.5,0,2
"1408",0.451784070728942,15.7335948529538,10.6239004732343,41,10,9,12.5,1,2
"1409",0.451784070728942,15.7335948529538,10.6239004732343,41,10,9,11.5,1,2
"1410",0.451784070728942,15.7335948529538,10.6239004732343,41,10,9,-6.5,0,2
"1411",0.00234268284540878,-3.90487593504277,8.78370225021103,42,10,9,-0.5,0,2
"1412",0.00234268284540878,-3.90487593504277,8.78370225021103,42,10,9,22.5,1,2
"1413",0.00234268284540878,-3.90487593504277,8.78370225021103,42,10,9,10.5,1,2
"1414",0.00234268284540878,-3.90487593504277,8.78370225021103,42,10,9,-1.5,0,2
"1415",0.00234268284540878,-3.90487593504277,8.78370225021103,42,10,9,6.5,1,2
"1416",0.00234268284540878,-3.90487593504277,8.78370225021103,42,10,9,2.5,1,2
"1417",0.00234268284540878,-3.90487593504277,8.78370225021103,42,10,9,-4.5,1,2
"1418",0.00234268284540878,-3.90487593504277,8.78370225021103,42,10,9,-13.5,1,2
"1419",0.00234268284540878,-3.90487593504277,8.78370225021103,42,10,9,-20.5,0,2
"1420",0.00234268284540878,-3.90487593504277,8.78370225021103,42,10,9,-18.5,0,2
"1421",0.00378961164464081,-15.6952380810261,6.17566419332085,43,10,9,-0.5,1,2
"1422",0.00378961164464081,-15.6952380810261,6.17566419332085,43,10,9,-23.5,0,2
"1423",0.00378961164464081,-15.6952380810261,6.17566419332085,43,10,9,-11.5,1,2
"1424",0.00378961164464081,-15.6952380810261,6.17566419332085,43,10,9,-19.5,0,2
"1425",0.00378961164464081,-15.6952380810261,6.17566419332085,43,10,9,-14.5,0,2
"1426",0.00378961164464081,-15.6952380810261,6.17566419332085,43,10,9,-6.5,1,2
"1427",0.00378961164464081,-15.6952380810261,6.17566419332085,43,10,9,-9.5,0,2
"1428",0.00378961164464081,-15.6952380810261,6.17566419332085,43,10,9,-2.5,1,2
"1429",0.00378961164464081,-15.6952380810261,6.17566419332085,43,10,9,-17.5,1,2
"1430",0.00378961164464081,-15.6952380810261,6.17566419332085,43,10,9,-23.5,0,2
"1431",0.00181070902149332,2.13485178346582,6.50866317768676,44,10,9,-0.5,0,2
"1432",0.00181070902149332,2.13485178346582,6.50866317768676,44,10,9,22.5,1,2
"1433",0.00181070902149332,2.13485178346582,6.50866317768676,44,10,9,10.5,1,2
"1434",0.00181070902149332,2.13485178346582,6.50866317768676,44,10,9,-1.5,0,2
"1435",0.00181070902149332,2.13485178346582,6.50866317768676,44,10,9,6.5,1,2
"1436",0.00181070902149332,2.13485178346582,6.50866317768676,44,10,9,2.5,1,2
"1437",0.00181070902149332,2.13485178346582,6.50866317768676,44,10,9,-4.5,0,2
"1438",0.00181070902149332,2.13485178346582,6.50866317768676,44,10,9,-3.5,0,2
"1439",0.00181070902149332,2.13485178346582,6.50866317768676,44,10,9,4.5,1,2
"1440",0.00181070902149332,2.13485178346582,6.50866317768676,44,10,9,3.5,1,2
"1441",0.000900604664482805,1.43936789259271,6.42779564915038,45,10,9,-0.5,0,2
"1442",0.000900604664482805,1.43936789259271,6.42779564915038,45,10,9,22.5,1,2
"1443",0.000900604664482805,1.43936789259271,6.42779564915038,45,10,9,10.5,1,2
"1444",0.000900604664482805,1.43936789259271,6.42779564915038,45,10,9,-1.5,0,2
"1445",0.000900604664482805,1.43936789259271,6.42779564915038,45,10,9,6.5,1,2
"1446",0.000900604664482805,1.43936789259271,6.42779564915038,45,10,9,2.5,0,2
"1447",0.000900604664482805,1.43936789259271,6.42779564915038,45,10,9,8.5,1,2
"1448",0.000900604664482805,1.43936789259271,6.42779564915038,45,10,9,0.5,0,2
"1449",0.000900604664482805,1.43936789259271,6.42779564915038,45,10,9,4.5,0,2
"1450",0.000900604664482805,1.43936789259271,6.42779564915038,45,10,9,9.5,1,2
"1451",0.00240015442103193,-1.6472898496499,12.2118759983213,46,10,9,-0.5,1,2
"1452",0.00240015442103193,-1.6472898496499,12.2118759983213,46,10,9,-23.5,0,2
"1453",0.00240015442103193,-1.6472898496499,12.2118759983213,46,10,9,-11.5,0,2
"1454",0.00240015442103193,-1.6472898496499,12.2118759983213,46,10,9,0.5,1,2
"1455",0.00240015442103193,-1.6472898496499,12.2118759983213,46,10,9,-7.5,0,2
"1456",0.00240015442103193,-1.6472898496499,12.2118759983213,46,10,9,-3.5,1,2
"1457",0.00240015442103193,-1.6472898496499,12.2118759983213,46,10,9,-9.5,0,2
"1458",0.00240015442103193,-1.6472898496499,12.2118759983213,46,10,9,-1.5,1,2
"1459",0.00240015442103193,-1.6472898496499,12.2118759983213,46,10,9,-5.5,0,2
"1460",0.00240015442103193,-1.6472898496499,12.2118759983213,46,10,9,-1.5,0,2
"1461",0.0710478737735265,14.0717603942381,7.97076577485955,47,10,9,-0.5,0,2
"1462",0.0710478737735265,14.0717603942381,7.97076577485955,47,10,9,22.5,1,2
"1463",0.0710478737735265,14.0717603942381,7.97076577485955,47,10,9,10.5,0,2
"1464",0.0710478737735265,14.0717603942381,7.97076577485955,47,10,9,18.5,1,2
"1465",0.0710478737735265,14.0717603942381,7.97076577485955,47,10,9,13.5,0,2
"1466",0.0710478737735265,14.0717603942381,7.97076577485955,47,10,9,20.5,1,2
"1467",0.0710478737735265,14.0717603942381,7.97076577485955,47,10,9,12.5,0,2
"1468",0.0710478737735265,14.0717603942381,7.97076577485955,47,10,9,16.5,0,2
"1469",0.0710478737735265,14.0717603942381,7.97076577485955,47,10,9,21.5,1,2
"1470",0.0710478737735265,14.0717603942381,7.97076577485955,47,10,9,20.5,1,2
"1471",0.000248794506046257,-20.2527300509705,8.64693969568127,48,10,9,-0.5,1,2
"1472",0.000248794506046257,-20.2527300509705,8.64693969568127,48,10,9,-23.5,0,2
"1473",0.000248794506046257,-20.2527300509705,8.64693969568127,48,10,9,-11.5,0,2
"1474",0.000248794506046257,-20.2527300509705,8.64693969568127,48,10,9,0.5,1,2
"1475",0.000248794506046257,-20.2527300509705,8.64693969568127,48,10,9,-7.5,1,2
"1476",0.000248794506046257,-20.2527300509705,8.64693969568127,48,10,9,-14.5,0,2
"1477",0.000248794506046257,-20.2527300509705,8.64693969568127,48,10,9,-6.5,1,2
"1478",0.000248794506046257,-20.2527300509705,8.64693969568127,48,10,9,-13.5,1,2
"1479",0.000248794506046257,-20.2527300509705,8.64693969568127,48,10,9,-20.5,0,2
"1480",0.000248794506046257,-20.2527300509705,8.64693969568127,48,10,9,-19.5,1,2
"1481",0.00397286600857668,-8.96090242021549,11.6918943073471,49,10,9,-0.5,1,2
"1482",0.00397286600857668,-8.96090242021549,11.6918943073471,49,10,9,-23.5,0,2
"1483",0.00397286600857668,-8.96090242021549,11.6918943073471,49,10,9,-11.5,1,2
"1484",0.00397286600857668,-8.96090242021549,11.6918943073471,49,10,9,-19.5,0,2
"1485",0.00397286600857668,-8.96090242021549,11.6918943073471,49,10,9,-14.5,1,2
"1486",0.00397286600857668,-8.96090242021549,11.6918943073471,49,10,9,-21.5,0,2
"1487",0.00397286600857668,-8.96090242021549,11.6918943073471,49,10,9,-13.5,0,2
"1488",0.00397286600857668,-8.96090242021549,11.6918943073471,49,10,9,-6.5,0,2
"1489",0.00397286600857668,-8.96090242021549,11.6918943073471,49,10,9,0.5,0,2
"1490",0.00397286600857668,-8.96090242021549,11.6918943073471,49,10,9,6.5,1,2
"1491",0.00102648867837801,-8.10724608901734,5.79802770805224,50,10,9,-0.5,1,2
"1492",0.00102648867837801,-8.10724608901734,5.79802770805224,50,10,9,-23.5,0,2
"1493",0.00102648867837801,-8.10724608901734,5.79802770805224,50,10,9,-11.5,1,2
"1494",0.00102648867837801,-8.10724608901734,5.79802770805224,50,10,9,-19.5,0,2
"1495",0.00102648867837801,-8.10724608901734,5.79802770805224,50,10,9,-14.5,0,2
"1496",0.00102648867837801,-8.10724608901734,5.79802770805224,50,10,9,-6.5,0,2
"1497",0.00102648867837801,-8.10724608901734,5.79802770805224,50,10,9,2.5,1,2
"1498",0.00102648867837801,-8.10724608901734,5.79802770805224,50,10,9,0.5,1,2
"1499",0.00102648867837801,-8.10724608901734,5.79802770805224,50,10,9,-16.5,0,2
"1500",0.00102648867837801,-8.10724608901734,5.79802770805224,50,10,9,-0.5,1,2
"1501",0.0127260086856869,13.5328141805322,8.83331153367064,51,10,9,-0.5,0,2
"1502",0.0127260086856869,13.5328141805322,8.83331153367064,51,10,9,22.5,1,2
"1503",0.0127260086856869,13.5328141805322,8.83331153367064,51,10,9,10.5,1,2
"1504",0.0127260086856869,13.5328141805322,8.83331153367064,51,10,9,-1.5,0,2
"1505",0.0127260086856869,13.5328141805322,8.83331153367064,51,10,9,6.5,1,2
"1506",0.0127260086856869,13.5328141805322,8.83331153367064,51,10,9,2.5,0,2
"1507",0.0127260086856869,13.5328141805322,8.83331153367064,51,10,9,8.5,0,2
"1508",0.0127260086856869,13.5328141805322,8.83331153367064,51,10,9,15.5,1,2
"1509",0.0127260086856869,13.5328141805322,8.83331153367064,51,10,9,14.5,0,2
"1510",0.0127260086856869,13.5328141805322,8.83331153367064,51,10,9,20.5,1,2
"1511",0.00407454049105525,6.07040932511556,6.59995490737726,52,10,9,-0.5,0,2
"1512",0.00407454049105525,6.07040932511556,6.59995490737726,52,10,9,22.5,1,2
"1513",0.00407454049105525,6.07040932511556,6.59995490737726,52,10,9,10.5,1,2
"1514",0.00407454049105525,6.07040932511556,6.59995490737726,52,10,9,-1.5,0,2
"1515",0.00407454049105525,6.07040932511556,6.59995490737726,52,10,9,6.5,0,2
"1516",0.00407454049105525,6.07040932511556,6.59995490737726,52,10,9,13.5,1,2
"1517",0.00407454049105525,6.07040932511556,6.59995490737726,52,10,9,5.5,1,2
"1518",0.00407454049105525,6.07040932511556,6.59995490737726,52,10,9,-1.5,0,2
"1519",0.00407454049105525,6.07040932511556,6.59995490737726,52,10,9,12.5,1,2
"1520",0.00407454049105525,6.07040932511556,6.59995490737726,52,10,9,-0.5,0,2
"1521",0.016629226943459,-22.5048576243581,12.1541559762404,53,10,9,-0.5,1,2
"1522",0.016629226943459,-22.5048576243581,12.1541559762404,53,10,9,-23.5,1,2
"1523",0.016629226943459,-22.5048576243581,12.1541559762404,53,10,9,-34.5,1,2
"1524",0.016629226943459,-22.5048576243581,12.1541559762404,53,10,9,-40.5,0,2
"1525",0.016629226943459,-22.5048576243581,12.1541559762404,53,10,9,-33.5,0,2
"1526",0.016629226943459,-22.5048576243581,12.1541559762404,53,10,9,-26.5,1,2
"1527",0.016629226943459,-22.5048576243581,12.1541559762404,53,10,9,-40.5,0,2
"1528",0.016629226943459,-22.5048576243581,12.1541559762404,53,10,9,-26.5,1,2
"1529",0.016629226943459,-22.5048576243581,12.1541559762404,53,10,9,-40.5,0,2
"1530",0.016629226943459,-22.5048576243581,12.1541559762404,53,10,9,-28.5,0,2
"1531",0.00131073071889232,4.25973407840879,8.84982123126641,54,10,9,-0.5,0,2
"1532",0.00131073071889232,4.25973407840879,8.84982123126641,54,10,9,22.5,1,2
"1533",0.00131073071889232,4.25973407840879,8.84982123126641,54,10,9,10.5,0,2
"1534",0.00131073071889232,4.25973407840879,8.84982123126641,54,10,9,18.5,1,2
"1535",0.00131073071889232,4.25973407840879,8.84982123126641,54,10,9,13.5,1,2
"1536",0.00131073071889232,4.25973407840879,8.84982123126641,54,10,9,5.5,1,2
"1537",0.00131073071889232,4.25973407840879,8.84982123126641,54,10,9,-3.5,0,2
"1538",0.00131073071889232,4.25973407840879,8.84982123126641,54,10,9,-1.5,1,2
"1539",0.00131073071889232,4.25973407840879,8.84982123126641,54,10,9,-7.5,0,2
"1540",0.00131073071889232,4.25973407840879,8.84982123126641,54,10,9,-6.5,0,2
"1541",0.00169837956942857,-7.16788202028738,5.89620586905404,55,10,9,-0.5,1,2
"1542",0.00169837956942857,-7.16788202028738,5.89620586905404,55,10,9,-23.5,0,2
"1543",0.00169837956942857,-7.16788202028738,5.89620586905404,55,10,9,-11.5,0,2
"1544",0.00169837956942857,-7.16788202028738,5.89620586905404,55,10,9,0.5,1,2
"1545",0.00169837956942857,-7.16788202028738,5.89620586905404,55,10,9,-7.5,0,2
"1546",0.00169837956942857,-7.16788202028738,5.89620586905404,55,10,9,-3.5,1,2
"1547",0.00169837956942857,-7.16788202028738,5.89620586905404,55,10,9,-9.5,0,2
"1548",0.00169837956942857,-7.16788202028738,5.89620586905404,55,10,9,-1.5,1,2
"1549",0.00169837956942857,-7.16788202028738,5.89620586905404,55,10,9,-5.5,0,2
"1550",0.00169837956942857,-7.16788202028738,5.89620586905404,55,10,9,-1.5,1,2
"1551",0.00708265547809606,11.0670895832361,5.83629226066889,56,10,9,-0.5,0,2
"1552",0.00708265547809606,11.0670895832361,5.83629226066889,56,10,9,22.5,1,2
"1553",0.00708265547809606,11.0670895832361,5.83629226066889,56,10,9,10.5,0,2
"1554",0.00708265547809606,11.0670895832361,5.83629226066889,56,10,9,18.5,1,2
"1555",0.00708265547809606,11.0670895832361,5.83629226066889,56,10,9,13.5,0,2
"1556",0.00708265547809606,11.0670895832361,5.83629226066889,56,10,9,20.5,1,2
"1557",0.00708265547809606,11.0670895832361,5.83629226066889,56,10,9,12.5,1,2
"1558",0.00708265547809606,11.0670895832361,5.83629226066889,56,10,9,5.5,0,2
"1559",0.00708265547809606,11.0670895832361,5.83629226066889,56,10,9,6.5,0,2
"1560",0.00708265547809606,11.0670895832361,5.83629226066889,56,10,9,20.5,1,2
"1561",3.3497979449511e-06,5.91544619916226,9.17978888711755,57,10,9,-0.5,1,2
"1562",3.3497979449511e-06,5.91544619916226,9.17978888711755,57,10,9,-23.5,0,2
"1563",3.3497979449511e-06,5.91544619916226,9.17978888711755,57,10,9,-11.5,0,2
"1564",3.3497979449511e-06,5.91544619916226,9.17978888711755,57,10,9,0.5,0,2
"1565",3.3497979449511e-06,5.91544619916226,9.17978888711755,57,10,9,12.5,1,2
"1566",3.3497979449511e-06,5.91544619916226,9.17978888711755,57,10,9,6.5,0,2
"1567",3.3497979449511e-06,5.91544619916226,9.17978888711755,57,10,9,14.5,0,2
"1568",3.3497979449511e-06,5.91544619916226,9.17978888711755,57,10,9,21.5,1,2
"1569",3.3497979449511e-06,5.91544619916226,9.17978888711755,57,10,9,19.5,1,2
"1570",3.3497979449511e-06,5.91544619916226,9.17978888711755,57,10,9,17.5,0,2
"1571",0.454376203554545,-13.0568978684805,7.30778159544587,58,10,9,-0.5,0,2
"1572",0.454376203554545,-13.0568978684805,7.30778159544587,58,10,9,22.5,1,2
"1573",0.454376203554545,-13.0568978684805,7.30778159544587,58,10,9,10.5,0,2
"1574",0.454376203554545,-13.0568978684805,7.30778159544587,58,10,9,18.5,0,2
"1575",0.454376203554545,-13.0568978684805,7.30778159544587,58,10,9,27.5,1,2
"1576",0.454376203554545,-13.0568978684805,7.30778159544587,58,10,9,25.5,1,2
"1577",0.454376203554545,-13.0568978684805,7.30778159544587,58,10,9,16.5,1,2
"1578",0.454376203554545,-13.0568978684805,7.30778159544587,58,10,9,8.5,1,2
"1579",0.454376203554545,-13.0568978684805,7.30778159544587,58,10,9,1.5,1,2
"1580",0.454376203554545,-13.0568978684805,7.30778159544587,58,10,9,-4.5,1,2
"1581",0.00174505418941615,-8.52536614297807,8.63020622625749,59,10,9,-0.5,1,2
"1582",0.00174505418941615,-8.52536614297807,8.63020622625749,59,10,9,-23.5,0,2
"1583",0.00174505418941615,-8.52536614297807,8.63020622625749,59,10,9,-11.5,0,2
"1584",0.00174505418941615,-8.52536614297807,8.63020622625749,59,10,9,0.5,1,2
"1585",0.00174505418941615,-8.52536614297807,8.63020622625749,59,10,9,-7.5,0,2
"1586",0.00174505418941615,-8.52536614297807,8.63020622625749,59,10,9,-3.5,0,2
"1587",0.00174505418941615,-8.52536614297807,8.63020622625749,59,10,9,3.5,1,2
"1588",0.00174505418941615,-8.52536614297807,8.63020622625749,59,10,9,2.5,1,2
"1589",0.00174505418941615,-8.52536614297807,8.63020622625749,59,10,9,-5.5,1,2
"1590",0.00174505418941615,-8.52536614297807,8.63020622625749,59,10,9,-12.5,1,2
"1591",0.000636739137627546,-10.5572953633638,8.75326211313297,60,10,9,-0.5,1,2
"1592",0.000636739137627546,-10.5572953633638,8.75326211313297,60,10,9,-23.5,1,2
"1593",0.000636739137627546,-10.5572953633638,8.75326211313297,60,10,9,-34.5,0,2
"1594",0.000636739137627546,-10.5572953633638,8.75326211313297,60,10,9,-28.5,0,2
"1595",0.000636739137627546,-10.5572953633638,8.75326211313297,60,10,9,-19.5,0,2
"1596",0.000636739137627546,-10.5572953633638,8.75326211313297,60,10,9,-11.5,0,2
"1597",0.000636739137627546,-10.5572953633638,8.75326211313297,60,10,9,-5.5,1,2
"1598",0.000636739137627546,-10.5572953633638,8.75326211313297,60,10,9,-11.5,0,2
"1599",0.000636739137627546,-10.5572953633638,8.75326211313297,60,10,9,-1.5,1,2
"1600",0.000636739137627546,-10.5572953633638,8.75326211313297,60,10,9,-12.5,0,2
"1601",2.47517805535438e-06,-16.5520679668355,13.4629160402046,61,10,9,-0.5,0,2
"1602",2.47517805535438e-06,-16.5520679668355,13.4629160402046,61,10,9,22.5,1,2
"1603",2.47517805535438e-06,-16.5520679668355,13.4629160402046,61,10,9,10.5,1,2
"1604",2.47517805535438e-06,-16.5520679668355,13.4629160402046,61,10,9,-1.5,1,2
"1605",2.47517805535438e-06,-16.5520679668355,13.4629160402046,61,10,9,-13.5,0,2
"1606",2.47517805535438e-06,-16.5520679668355,13.4629160402046,61,10,9,-7.5,1,2
"1607",2.47517805535438e-06,-16.5520679668355,13.4629160402046,61,10,9,-15.5,1,2
"1608",2.47517805535438e-06,-16.5520679668355,13.4629160402046,61,10,9,-22.5,0,2
"1609",2.47517805535438e-06,-16.5520679668355,13.4629160402046,61,10,9,-20.5,1,2
"1610",2.47517805535438e-06,-16.5520679668355,13.4629160402046,61,10,9,-25.5,0,2
"1611",0.000324139110162382,-0.729737862374468,8.57958839970454,62,10,9,-0.5,1,2
"1612",0.000324139110162382,-0.729737862374468,8.57958839970454,62,10,9,-23.5,0,2
"1613",0.000324139110162382,-0.729737862374468,8.57958839970454,62,10,9,-11.5,0,2
"1614",0.000324139110162382,-0.729737862374468,8.57958839970454,62,10,9,0.5,1,2
"1615",0.000324139110162382,-0.729737862374468,8.57958839970454,62,10,9,-7.5,1,2
"1616",0.000324139110162382,-0.729737862374468,8.57958839970454,62,10,9,-14.5,0,2
"1617",0.000324139110162382,-0.729737862374468,8.57958839970454,62,10,9,-6.5,0,2
"1618",0.000324139110162382,-0.729737862374468,8.57958839970454,62,10,9,0.5,1,2
"1619",0.000324139110162382,-0.729737862374468,8.57958839970454,62,10,9,-13.5,0,2
"1620",0.000324139110162382,-0.729737862374468,8.57958839970454,62,10,9,-0.5,0,2
"1621",0.000110748908332416,-13.5855251665841,9.53752419784036,63,10,9,-0.5,1,2
"1622",0.000110748908332416,-13.5855251665841,9.53752419784036,63,10,9,-23.5,0,2
"1623",0.000110748908332416,-13.5855251665841,9.53752419784036,63,10,9,-11.5,0,2
"1624",0.000110748908332416,-13.5855251665841,9.53752419784036,63,10,9,0.5,1,2
"1625",0.000110748908332416,-13.5855251665841,9.53752419784036,63,10,9,-7.5,1,2
"1626",0.000110748908332416,-13.5855251665841,9.53752419784036,63,10,9,-14.5,1,2
"1627",0.000110748908332416,-13.5855251665841,9.53752419784036,63,10,9,-23.5,0,2
"1628",0.000110748908332416,-13.5855251665841,9.53752419784036,63,10,9,-20.5,0,2
"1629",0.000110748908332416,-13.5855251665841,9.53752419784036,63,10,9,-5.5,1,2
"1630",0.000110748908332416,-13.5855251665841,9.53752419784036,63,10,9,-20.5,0,2
"1631",0.0362531390828818,-27.1823200016769,10.5518749904837,64,10,9,-0.5,1,2
"1632",0.0362531390828818,-27.1823200016769,10.5518749904837,64,10,9,-23.5,0,2
"1633",0.0362531390828818,-27.1823200016769,10.5518749904837,64,10,9,-11.5,1,2
"1634",0.0362531390828818,-27.1823200016769,10.5518749904837,64,10,9,-19.5,1,2
"1635",0.0362531390828818,-27.1823200016769,10.5518749904837,64,10,9,-28.5,0,2
"1636",0.0362531390828818,-27.1823200016769,10.5518749904837,64,10,9,-25.5,0,2
"1637",0.0362531390828818,-27.1823200016769,10.5518749904837,64,10,9,-17.5,1,2
"1638",0.0362531390828818,-27.1823200016769,10.5518749904837,64,10,9,-25.5,0,2
"1639",0.0362531390828818,-27.1823200016769,10.5518749904837,64,10,9,-18.5,0,2
"1640",0.0362531390828818,-27.1823200016769,10.5518749904837,64,10,9,-12.5,1,2
"1641",1.03947513822253e-05,-1.18194837674834,7.99241100919826,65,10,9,-0.5,0,2
"1642",1.03947513822253e-05,-1.18194837674834,7.99241100919826,65,10,9,22.5,1,2
"1643",1.03947513822253e-05,-1.18194837674834,7.99241100919826,65,10,9,10.5,1,2
"1644",1.03947513822253e-05,-1.18194837674834,7.99241100919826,65,10,9,-1.5,0,2
"1645",1.03947513822253e-05,-1.18194837674834,7.99241100919826,65,10,9,6.5,1,2
"1646",1.03947513822253e-05,-1.18194837674834,7.99241100919826,65,10,9,2.5,1,2
"1647",1.03947513822253e-05,-1.18194837674834,7.99241100919826,65,10,9,-4.5,0,2
"1648",1.03947513822253e-05,-1.18194837674834,7.99241100919826,65,10,9,-3.5,0,2
"1649",1.03947513822253e-05,-1.18194837674834,7.99241100919826,65,10,9,4.5,1,2
"1650",1.03947513822253e-05,-1.18194837674834,7.99241100919826,65,10,9,3.5,0,2
"1651",0.000327048386360426,-27.6703453159135,7.00278791517322,66,10,9,-0.5,1,2
"1652",0.000327048386360426,-27.6703453159135,7.00278791517322,66,10,9,-23.5,1,2
"1653",0.000327048386360426,-27.6703453159135,7.00278791517322,66,10,9,-34.5,0,2
"1654",0.000327048386360426,-27.6703453159135,7.00278791517322,66,10,9,-28.5,0,2
"1655",0.000327048386360426,-27.6703453159135,7.00278791517322,66,10,9,-19.5,1,2
"1656",0.000327048386360426,-27.6703453159135,7.00278791517322,66,10,9,-30.5,0,2
"1657",0.000327048386360426,-27.6703453159135,7.00278791517322,66,10,9,-21.5,1,2
"1658",0.000327048386360426,-27.6703453159135,7.00278791517322,66,10,9,-26.5,1,2
"1659",0.000327048386360426,-27.6703453159135,7.00278791517322,66,10,9,-31.5,1,2
"1660",0.000327048386360426,-27.6703453159135,7.00278791517322,66,10,9,-38.5,0,2
"1661",0.00166102480651066,4.55576900802898,6.63496115695276,67,10,9,-0.5,1,2
"1662",0.00166102480651066,4.55576900802898,6.63496115695276,67,10,9,-23.5,0,2
"1663",0.00166102480651066,4.55576900802898,6.63496115695276,67,10,9,-11.5,0,2
"1664",0.00166102480651066,4.55576900802898,6.63496115695276,67,10,9,0.5,0,2
"1665",0.00166102480651066,4.55576900802898,6.63496115695276,67,10,9,12.5,1,2
"1666",0.00166102480651066,4.55576900802898,6.63496115695276,67,10,9,6.5,1,2
"1667",0.00166102480651066,4.55576900802898,6.63496115695276,67,10,9,-6.5,0,2
"1668",0.00166102480651066,4.55576900802898,6.63496115695276,67,10,9,7.5,1,2
"1669",0.00166102480651066,4.55576900802898,6.63496115695276,67,10,9,-6.5,0,2
"1670",0.00166102480651066,4.55576900802898,6.63496115695276,67,10,9,6.5,0,2
"1671",0.0483932723820384,-24.9442124620195,6.42932552776731,68,10,9,-0.5,1,2
"1672",0.0483932723820384,-24.9442124620195,6.42932552776731,68,10,9,-23.5,1,2
"1673",0.0483932723820384,-24.9442124620195,6.42932552776731,68,10,9,-34.5,0,2
"1674",0.0483932723820384,-24.9442124620195,6.42932552776731,68,10,9,-28.5,0,2
"1675",0.0483932723820384,-24.9442124620195,6.42932552776731,68,10,9,-19.5,1,2
"1676",0.0483932723820384,-24.9442124620195,6.42932552776731,68,10,9,-30.5,0,2
"1677",0.0483932723820384,-24.9442124620195,6.42932552776731,68,10,9,-21.5,1,2
"1678",0.0483932723820384,-24.9442124620195,6.42932552776731,68,10,9,-26.5,0,2
"1679",0.0483932723820384,-24.9442124620195,6.42932552776731,68,10,9,-21.5,0,2
"1680",0.0483932723820384,-24.9442124620195,6.42932552776731,68,10,9,-15.5,1,2
"1681",0.00021774290205054,-12.5216591982668,6.4271729286407,69,10,9,-0.5,0,2
"1682",0.00021774290205054,-12.5216591982668,6.4271729286407,69,10,9,22.5,1,2
"1683",0.00021774290205054,-12.5216591982668,6.4271729286407,69,10,9,10.5,1,2
"1684",0.00021774290205054,-12.5216591982668,6.4271729286407,69,10,9,-1.5,1,2
"1685",0.00021774290205054,-12.5216591982668,6.4271729286407,69,10,9,-13.5,1,2
"1686",0.00021774290205054,-12.5216591982668,6.4271729286407,69,10,9,-23.5,0,2
"1687",0.00021774290205054,-12.5216591982668,6.4271729286407,69,10,9,-15.5,0,2
"1688",0.00021774290205054,-12.5216591982668,6.4271729286407,69,10,9,-10.5,1,2
"1689",0.00021774290205054,-12.5216591982668,6.4271729286407,69,10,9,-20.5,0,2
"1690",0.00021774290205054,-12.5216591982668,6.4271729286407,69,10,9,-9.5,0,2
"1691",3.99887243668517e-05,-18.3736228371565,7.40134463165031,70,10,9,-0.5,1,2
"1692",3.99887243668517e-05,-18.3736228371565,7.40134463165031,70,10,9,-23.5,0,2
"1693",3.99887243668517e-05,-18.3736228371565,7.40134463165031,70,10,9,-11.5,1,2
"1694",3.99887243668517e-05,-18.3736228371565,7.40134463165031,70,10,9,-19.5,0,2
"1695",3.99887243668517e-05,-18.3736228371565,7.40134463165031,70,10,9,-14.5,0,2
"1696",3.99887243668517e-05,-18.3736228371565,7.40134463165031,70,10,9,-6.5,1,2
"1697",3.99887243668517e-05,-18.3736228371565,7.40134463165031,70,10,9,-9.5,1,2
"1698",3.99887243668517e-05,-18.3736228371565,7.40134463165031,70,10,9,-17.5,0,2
"1699",3.99887243668517e-05,-18.3736228371565,7.40134463165031,70,10,9,-10.5,1,2
"1700",3.99887243668517e-05,-18.3736228371565,7.40134463165031,70,10,9,-15.5,0,2
"1701",0.000129213729121105,-2.95798998417322,7.11603190937426,71,10,9,-0.5,0,2
"1702",0.000129213729121105,-2.95798998417322,7.11603190937426,71,10,9,22.5,1,2
"1703",0.000129213729121105,-2.95798998417322,7.11603190937426,71,10,9,10.5,1,2
"1704",0.000129213729121105,-2.95798998417322,7.11603190937426,71,10,9,-1.5,0,2
"1705",0.000129213729121105,-2.95798998417322,7.11603190937426,71,10,9,6.5,1,2
"1706",0.000129213729121105,-2.95798998417322,7.11603190937426,71,10,9,2.5,1,2
"1707",0.000129213729121105,-2.95798998417322,7.11603190937426,71,10,9,-4.5,0,2
"1708",0.000129213729121105,-2.95798998417322,7.11603190937426,71,10,9,-3.5,0,2
"1709",0.000129213729121105,-2.95798998417322,7.11603190937426,71,10,9,4.5,1,2
"1710",0.000129213729121105,-2.95798998417322,7.11603190937426,71,10,9,3.5,1,2
"1711",0.0119420358547988,0.404765387275409,6.64060208560209,72,10,9,-0.5,0,2
"1712",0.0119420358547988,0.404765387275409,6.64060208560209,72,10,9,22.5,1,2
"1713",0.0119420358547988,0.404765387275409,6.64060208560209,72,10,9,10.5,1,2
"1714",0.0119420358547988,0.404765387275409,6.64060208560209,72,10,9,-1.5,1,2
"1715",0.0119420358547988,0.404765387275409,6.64060208560209,72,10,9,-13.5,0,2
"1716",0.0119420358547988,0.404765387275409,6.64060208560209,72,10,9,-7.5,0,2
"1717",0.0119420358547988,0.404765387275409,6.64060208560209,72,10,9,5.5,1,2
"1718",0.0119420358547988,0.404765387275409,6.64060208560209,72,10,9,-8.5,1,2
"1719",0.0119420358547988,0.404765387275409,6.64060208560209,72,10,9,-15.5,0,2
"1720",0.0119420358547988,0.404765387275409,6.64060208560209,72,10,9,-14.5,0,2
"1721",2.85174221341798e-05,-7.59164444613618,9.3996619853683,73,10,9,-0.5,1,2
"1722",2.85174221341798e-05,-7.59164444613618,9.3996619853683,73,10,9,-23.5,0,2
"1723",2.85174221341798e-05,-7.59164444613618,9.3996619853683,73,10,9,-11.5,0,2
"1724",2.85174221341798e-05,-7.59164444613618,9.3996619853683,73,10,9,0.5,1,2
"1725",2.85174221341798e-05,-7.59164444613618,9.3996619853683,73,10,9,-7.5,0,2
"1726",2.85174221341798e-05,-7.59164444613618,9.3996619853683,73,10,9,-3.5,0,2
"1727",2.85174221341798e-05,-7.59164444613618,9.3996619853683,73,10,9,3.5,1,2
"1728",2.85174221341798e-05,-7.59164444613618,9.3996619853683,73,10,9,2.5,1,2
"1729",2.85174221341798e-05,-7.59164444613618,9.3996619853683,73,10,9,-5.5,1,2
"1730",2.85174221341798e-05,-7.59164444613618,9.3996619853683,73,10,9,-12.5,0,2
"1731",0.000961005737013316,-11.5888332155888,13.5092586739033,74,10,9,-0.5,0,2
"1732",0.000961005737013316,-11.5888332155888,13.5092586739033,74,10,9,22.5,1,2
"1733",0.000961005737013316,-11.5888332155888,13.5092586739033,74,10,9,10.5,1,2
"1734",0.000961005737013316,-11.5888332155888,13.5092586739033,74,10,9,-1.5,1,2
"1735",0.000961005737013316,-11.5888332155888,13.5092586739033,74,10,9,-13.5,1,2
"1736",0.000961005737013316,-11.5888332155888,13.5092586739033,74,10,9,-23.5,0,2
"1737",0.000961005737013316,-11.5888332155888,13.5092586739033,74,10,9,-15.5,0,2
"1738",0.000961005737013316,-11.5888332155888,13.5092586739033,74,10,9,-10.5,1,2
"1739",0.000961005737013316,-11.5888332155888,13.5092586739033,74,10,9,-20.5,0,2
"1740",0.000961005737013316,-11.5888332155888,13.5092586739033,74,10,9,-9.5,1,2
"1741",0.00121916296946574,-15.6651134574742,9.06422891975645,75,10,9,-0.5,1,2
"1742",0.00121916296946574,-15.6651134574742,9.06422891975645,75,10,9,-23.5,0,2
"1743",0.00121916296946574,-15.6651134574742,9.06422891975645,75,10,9,-11.5,1,2
"1744",0.00121916296946574,-15.6651134574742,9.06422891975645,75,10,9,-19.5,0,2
"1745",0.00121916296946574,-15.6651134574742,9.06422891975645,75,10,9,-14.5,1,2
"1746",0.00121916296946574,-15.6651134574742,9.06422891975645,75,10,9,-21.5,0,2
"1747",0.00121916296946574,-15.6651134574742,9.06422891975645,75,10,9,-13.5,1,2
"1748",0.00121916296946574,-15.6651134574742,9.06422891975645,75,10,9,-17.5,0,2
"1749",0.00121916296946574,-15.6651134574742,9.06422891975645,75,10,9,-12.5,1,2
"1750",0.00121916296946574,-15.6651134574742,9.06422891975645,75,10,9,-18.5,0,2
"1751",0.00961439719181154,-1.44704499242374,14.0717843743293,76,10,9,-0.5,1,2
"1752",0.00961439719181154,-1.44704499242374,14.0717843743293,76,10,9,-23.5,0,2
"1753",0.00961439719181154,-1.44704499242374,14.0717843743293,76,10,9,-11.5,0,2
"1754",0.00961439719181154,-1.44704499242374,14.0717843743293,76,10,9,0.5,1,2
"1755",0.00961439719181154,-1.44704499242374,14.0717843743293,76,10,9,-7.5,0,2
"1756",0.00961439719181154,-1.44704499242374,14.0717843743293,76,10,9,-3.5,1,2
"1757",0.00961439719181154,-1.44704499242374,14.0717843743293,76,10,9,-9.5,0,2
"1758",0.00961439719181154,-1.44704499242374,14.0717843743293,76,10,9,-1.5,0,2
"1759",0.00961439719181154,-1.44704499242374,14.0717843743293,76,10,9,5.5,0,2
"1760",0.00961439719181154,-1.44704499242374,14.0717843743293,76,10,9,12.5,0,2
"1761",5.22801200294768e-05,-18.1616977607363,9.67002991975534,77,10,9,-0.5,1,2
"1762",5.22801200294768e-05,-18.1616977607363,9.67002991975534,77,10,9,-23.5,1,2
"1763",5.22801200294768e-05,-18.1616977607363,9.67002991975534,77,10,9,-34.5,0,2
"1764",5.22801200294768e-05,-18.1616977607363,9.67002991975534,77,10,9,-28.5,0,2
"1765",5.22801200294768e-05,-18.1616977607363,9.67002991975534,77,10,9,-19.5,1,2
"1766",5.22801200294768e-05,-18.1616977607363,9.67002991975534,77,10,9,-30.5,0,2
"1767",5.22801200294768e-05,-18.1616977607363,9.67002991975534,77,10,9,-21.5,0,2
"1768",5.22801200294768e-05,-18.1616977607363,9.67002991975534,77,10,9,-14.5,1,2
"1769",5.22801200294768e-05,-18.1616977607363,9.67002991975534,77,10,9,-15.5,0,2
"1770",5.22801200294768e-05,-18.1616977607363,9.67002991975534,77,10,9,-9.5,1,2
"1771",0.000924312305448301,21.3729942552291,8.92935573304172,78,10,9,-0.5,0,2
"1772",0.000924312305448301,21.3729942552291,8.92935573304172,78,10,9,22.5,0,2
"1773",0.000924312305448301,21.3729942552291,8.92935573304172,78,10,9,34.5,1,2
"1774",0.000924312305448301,21.3729942552291,8.92935573304172,78,10,9,27.5,0,2
"1775",0.000924312305448301,21.3729942552291,8.92935573304172,78,10,9,35.5,1,2
"1776",0.000924312305448301,21.3729942552291,8.92935573304172,78,10,9,30.5,1,2
"1777",0.000924312305448301,21.3729942552291,8.92935573304172,78,10,9,23.5,1,2
"1778",0.000924312305448301,21.3729942552291,8.92935573304172,78,10,9,15.5,0,2
"1779",0.000924312305448301,21.3729942552291,8.92935573304172,78,10,9,17.5,0,2
"1780",0.000924312305448301,21.3729942552291,8.92935573304172,78,10,9,34.5,1,2
"1781",0.00432038494820674,-6.28447208430945,7.59517469050447,79,10,9,-0.5,0,2
"1782",0.00432038494820674,-6.28447208430945,7.59517469050447,79,10,9,22.5,1,2
"1783",0.00432038494820674,-6.28447208430945,7.59517469050447,79,10,9,10.5,1,2
"1784",0.00432038494820674,-6.28447208430945,7.59517469050447,79,10,9,-1.5,0,2
"1785",0.00432038494820674,-6.28447208430945,7.59517469050447,79,10,9,6.5,1,2
"1786",0.00432038494820674,-6.28447208430945,7.59517469050447,79,10,9,2.5,1,2
"1787",0.00432038494820674,-6.28447208430945,7.59517469050447,79,10,9,-4.5,0,2
"1788",0.00432038494820674,-6.28447208430945,7.59517469050447,79,10,9,-3.5,0,2
"1789",0.00432038494820674,-6.28447208430945,7.59517469050447,79,10,9,4.5,1,2
"1790",0.00432038494820674,-6.28447208430945,7.59517469050447,79,10,9,3.5,1,2
"1791",4.79339180295923e-05,-13.6525024927917,12.4485617418448,80,10,9,-0.5,1,2
"1792",4.79339180295923e-05,-13.6525024927917,12.4485617418448,80,10,9,-23.5,0,2
"1793",4.79339180295923e-05,-13.6525024927917,12.4485617418448,80,10,9,-11.5,0,2
"1794",4.79339180295923e-05,-13.6525024927917,12.4485617418448,80,10,9,0.5,1,2
"1795",4.79339180295923e-05,-13.6525024927917,12.4485617418448,80,10,9,-7.5,1,2
"1796",4.79339180295923e-05,-13.6525024927917,12.4485617418448,80,10,9,-14.5,0,2
"1797",4.79339180295923e-05,-13.6525024927917,12.4485617418448,80,10,9,-6.5,1,2
"1798",4.79339180295923e-05,-13.6525024927917,12.4485617418448,80,10,9,-13.5,1,2
"1799",4.79339180295923e-05,-13.6525024927917,12.4485617418448,80,10,9,-20.5,0,2
"1800",4.79339180295923e-05,-13.6525024927917,12.4485617418448,80,10,9,-19.5,1,2
"1801",0.00155252460494996,3.42654192392193,6.31580411963805,81,10,9,-0.5,1,2
"1802",0.00155252460494996,3.42654192392193,6.31580411963805,81,10,9,-23.5,0,2
"1803",0.00155252460494996,3.42654192392193,6.31580411963805,81,10,9,-11.5,0,2
"1804",0.00155252460494996,3.42654192392193,6.31580411963805,81,10,9,0.5,1,2
"1805",0.00155252460494996,3.42654192392193,6.31580411963805,81,10,9,-7.5,0,2
"1806",0.00155252460494996,3.42654192392193,6.31580411963805,81,10,9,-3.5,1,2
"1807",0.00155252460494996,3.42654192392193,6.31580411963805,81,10,9,-9.5,0,2
"1808",0.00155252460494996,3.42654192392193,6.31580411963805,81,10,9,-1.5,0,2
"1809",0.00155252460494996,3.42654192392193,6.31580411963805,81,10,9,5.5,1,2
"1810",0.00155252460494996,3.42654192392193,6.31580411963805,81,10,9,4.5,1,2
"1811",0.135142471651364,-13.47970353478,10.4429800030272,82,10,9,-0.5,1,2
"1812",0.135142471651364,-13.47970353478,10.4429800030272,82,10,9,-23.5,1,2
"1813",0.135142471651364,-13.47970353478,10.4429800030272,82,10,9,-34.5,0,2
"1814",0.135142471651364,-13.47970353478,10.4429800030272,82,10,9,-28.5,0,2
"1815",0.135142471651364,-13.47970353478,10.4429800030272,82,10,9,-19.5,0,2
"1816",0.135142471651364,-13.47970353478,10.4429800030272,82,10,9,-11.5,1,2
"1817",0.135142471651364,-13.47970353478,10.4429800030272,82,10,9,-14.5,1,2
"1818",0.135142471651364,-13.47970353478,10.4429800030272,82,10,9,-29.5,1,2
"1819",0.135142471651364,-13.47970353478,10.4429800030272,82,10,9,-35.5,0,2
"1820",0.135142471651364,-13.47970353478,10.4429800030272,82,10,9,-35.5,0,2
"1821",0.00518065952050279,-4.29154535159233,10.4729254544708,83,10,9,-0.5,0,2
"1822",0.00518065952050279,-4.29154535159233,10.4729254544708,83,10,9,22.5,1,2
"1823",0.00518065952050279,-4.29154535159233,10.4729254544708,83,10,9,10.5,1,2
"1824",0.00518065952050279,-4.29154535159233,10.4729254544708,83,10,9,-1.5,0,2
"1825",0.00518065952050279,-4.29154535159233,10.4729254544708,83,10,9,6.5,1,2
"1826",0.00518065952050279,-4.29154535159233,10.4729254544708,83,10,9,2.5,1,2
"1827",0.00518065952050279,-4.29154535159233,10.4729254544708,83,10,9,-4.5,0,2
"1828",0.00518065952050279,-4.29154535159233,10.4729254544708,83,10,9,-3.5,1,2
"1829",0.00518065952050279,-4.29154535159233,10.4729254544708,83,10,9,-10.5,0,2
"1830",0.00518065952050279,-4.29154535159233,10.4729254544708,83,10,9,-9.5,1,2
"1831",0.0229169237304482,24.5132510543234,13.9638388364768,84,10,9,-0.5,0,2
"1832",0.0229169237304482,24.5132510543234,13.9638388364768,84,10,9,22.5,1,2
"1833",0.0229169237304482,24.5132510543234,13.9638388364768,84,10,9,10.5,0,2
"1834",0.0229169237304482,24.5132510543234,13.9638388364768,84,10,9,18.5,1,2
"1835",0.0229169237304482,24.5132510543234,13.9638388364768,84,10,9,13.5,0,2
"1836",0.0229169237304482,24.5132510543234,13.9638388364768,84,10,9,20.5,1,2
"1837",0.0229169237304482,24.5132510543234,13.9638388364768,84,10,9,12.5,0,2
"1838",0.0229169237304482,24.5132510543234,13.9638388364768,84,10,9,16.5,1,2
"1839",0.0229169237304482,24.5132510543234,13.9638388364768,84,10,9,11.5,0,2
"1840",0.0229169237304482,24.5132510543234,13.9638388364768,84,10,9,17.5,0,2
"1841",4.12240878765073e-05,-9.4342800364927,12.8246024681365,85,10,9,-0.5,1,2
"1842",4.12240878765073e-05,-9.4342800364927,12.8246024681365,85,10,9,-23.5,0,2
"1843",4.12240878765073e-05,-9.4342800364927,12.8246024681365,85,10,9,-11.5,1,2
"1844",4.12240878765073e-05,-9.4342800364927,12.8246024681365,85,10,9,-19.5,0,2
"1845",4.12240878765073e-05,-9.4342800364927,12.8246024681365,85,10,9,-14.5,0,2
"1846",4.12240878765073e-05,-9.4342800364927,12.8246024681365,85,10,9,-6.5,1,2
"1847",4.12240878765073e-05,-9.4342800364927,12.8246024681365,85,10,9,-9.5,1,2
"1848",4.12240878765073e-05,-9.4342800364927,12.8246024681365,85,10,9,-17.5,0,2
"1849",4.12240878765073e-05,-9.4342800364927,12.8246024681365,85,10,9,-10.5,0,2
"1850",4.12240878765073e-05,-9.4342800364927,12.8246024681365,85,10,9,-4.5,1,2
"1851",0.00149189684773849,20.0988881536155,12.7438933308837,86,10,9,-0.5,0,2
"1852",0.00149189684773849,20.0988881536155,12.7438933308837,86,10,9,22.5,1,2
"1853",0.00149189684773849,20.0988881536155,12.7438933308837,86,10,9,10.5,1,2
"1854",0.00149189684773849,20.0988881536155,12.7438933308837,86,10,9,-1.5,0,2
"1855",0.00149189684773849,20.0988881536155,12.7438933308837,86,10,9,6.5,0,2
"1856",0.00149189684773849,20.0988881536155,12.7438933308837,86,10,9,13.5,0,2
"1857",0.00149189684773849,20.0988881536155,12.7438933308837,86,10,9,22.5,1,2
"1858",0.00149189684773849,20.0988881536155,12.7438933308837,86,10,9,19.5,0,2
"1859",0.00149189684773849,20.0988881536155,12.7438933308837,86,10,9,26.5,1,2
"1860",0.00149189684773849,20.0988881536155,12.7438933308837,86,10,9,25.5,1,2
"1861",3.90345410938164e-05,15.8970853065911,7.93225606334092,87,10,9,-0.5,0,2
"1862",3.90345410938164e-05,15.8970853065911,7.93225606334092,87,10,9,22.5,1,2
"1863",3.90345410938164e-05,15.8970853065911,7.93225606334092,87,10,9,10.5,0,2
"1864",3.90345410938164e-05,15.8970853065911,7.93225606334092,87,10,9,18.5,1,2
"1865",3.90345410938164e-05,15.8970853065911,7.93225606334092,87,10,9,13.5,0,2
"1866",3.90345410938164e-05,15.8970853065911,7.93225606334092,87,10,9,20.5,0,2
"1867",3.90345410938164e-05,15.8970853065911,7.93225606334092,87,10,9,28.5,1,2
"1868",3.90345410938164e-05,15.8970853065911,7.93225606334092,87,10,9,27.5,1,2
"1869",3.90345410938164e-05,15.8970853065911,7.93225606334092,87,10,9,11.5,0,2
"1870",3.90345410938164e-05,15.8970853065911,7.93225606334092,87,10,9,26.5,1,2
"1871",0.0279271353645713,2.18510761674466,7.19280167104363,88,10,9,-0.5,0,2
"1872",0.0279271353645713,2.18510761674466,7.19280167104363,88,10,9,22.5,1,2
"1873",0.0279271353645713,2.18510761674466,7.19280167104363,88,10,9,10.5,0,2
"1874",0.0279271353645713,2.18510761674466,7.19280167104363,88,10,9,18.5,1,2
"1875",0.0279271353645713,2.18510761674466,7.19280167104363,88,10,9,13.5,1,2
"1876",0.0279271353645713,2.18510761674466,7.19280167104363,88,10,9,5.5,0,2
"1877",0.0279271353645713,2.18510761674466,7.19280167104363,88,10,9,8.5,1,2
"1878",0.0279271353645713,2.18510761674466,7.19280167104363,88,10,9,1.5,1,2
"1879",0.0279271353645713,2.18510761674466,7.19280167104363,88,10,9,-5.5,0,2
"1880",0.0279271353645713,2.18510761674466,7.19280167104363,88,10,9,-4.5,0,2
"1881",5.23606270462032e-05,1.09740418319452,7.80506853850073,89,10,9,-0.5,1,2
"1882",5.23606270462032e-05,1.09740418319452,7.80506853850073,89,10,9,-23.5,0,2
"1883",5.23606270462032e-05,1.09740418319452,7.80506853850073,89,10,9,-11.5,0,2
"1884",5.23606270462032e-05,1.09740418319452,7.80506853850073,89,10,9,0.5,0,2
"1885",5.23606270462032e-05,1.09740418319452,7.80506853850073,89,10,9,12.5,1,2
"1886",5.23606270462032e-05,1.09740418319452,7.80506853850073,89,10,9,6.5,1,2
"1887",5.23606270462032e-05,1.09740418319452,7.80506853850073,89,10,9,-6.5,0,2
"1888",5.23606270462032e-05,1.09740418319452,7.80506853850073,89,10,9,7.5,0,2
"1889",5.23606270462032e-05,1.09740418319452,7.80506853850073,89,10,9,14.5,1,2
"1890",5.23606270462032e-05,1.09740418319452,7.80506853850073,89,10,9,13.5,1,2
"1891",0.0214308636574333,-0.620274298130609,7.18991381021326,90,10,9,-0.5,1,2
"1892",0.0214308636574333,-0.620274298130609,7.18991381021326,90,10,9,-23.5,0,2
"1893",0.0214308636574333,-0.620274298130609,7.18991381021326,90,10,9,-11.5,0,2
"1894",0.0214308636574333,-0.620274298130609,7.18991381021326,90,10,9,0.5,1,2
"1895",0.0214308636574333,-0.620274298130609,7.18991381021326,90,10,9,-7.5,0,2
"1896",0.0214308636574333,-0.620274298130609,7.18991381021326,90,10,9,-3.5,0,2
"1897",0.0214308636574333,-0.620274298130609,7.18991381021326,90,10,9,3.5,1,2
"1898",0.0214308636574333,-0.620274298130609,7.18991381021326,90,10,9,2.5,0,2
"1899",0.0214308636574333,-0.620274298130609,7.18991381021326,90,10,9,9.5,1,2
"1900",0.0214308636574333,-0.620274298130609,7.18991381021326,90,10,9,8.5,1,2
"1901",0.0130078293267694,-21.7295590586326,6.27000898700606,91,10,9,-0.5,1,2
"1902",0.0130078293267694,-21.7295590586326,6.27000898700606,91,10,9,-23.5,0,2
"1903",0.0130078293267694,-21.7295590586326,6.27000898700606,91,10,9,-11.5,1,2
"1904",0.0130078293267694,-21.7295590586326,6.27000898700606,91,10,9,-19.5,0,2
"1905",0.0130078293267694,-21.7295590586326,6.27000898700606,91,10,9,-14.5,1,2
"1906",0.0130078293267694,-21.7295590586326,6.27000898700606,91,10,9,-21.5,1,2
"1907",0.0130078293267694,-21.7295590586326,6.27000898700606,91,10,9,-29.5,0,2
"1908",0.0130078293267694,-21.7295590586326,6.27000898700606,91,10,9,-28.5,0,2
"1909",0.0130078293267694,-21.7295590586326,6.27000898700606,91,10,9,-12.5,1,2
"1910",0.0130078293267694,-21.7295590586326,6.27000898700606,91,10,9,-27.5,0,2
"1911",0.0816931227714968,3.75029163117233,7.41889401920933,92,10,9,-0.5,0,2
"1912",0.0816931227714968,3.75029163117233,7.41889401920933,92,10,9,22.5,1,2
"1913",0.0816931227714968,3.75029163117233,7.41889401920933,92,10,9,10.5,1,2
"1914",0.0816931227714968,3.75029163117233,7.41889401920933,92,10,9,-1.5,1,2
"1915",0.0816931227714968,3.75029163117233,7.41889401920933,92,10,9,-13.5,0,2
"1916",0.0816931227714968,3.75029163117233,7.41889401920933,92,10,9,-7.5,1,2
"1917",0.0816931227714968,3.75029163117233,7.41889401920933,92,10,9,-15.5,1,2
"1918",0.0816931227714968,3.75029163117233,7.41889401920933,92,10,9,-22.5,0,2
"1919",0.0816931227714968,3.75029163117233,7.41889401920933,92,10,9,-20.5,0,2
"1920",0.0816931227714968,3.75029163117233,7.41889401920933,92,10,9,-18.5,0,2
"1921",0.000184925512304925,5.96959910122621,10.5078168510886,93,10,9,-0.5,1,2
"1922",0.000184925512304925,5.96959910122621,10.5078168510886,93,10,9,-23.5,0,2
"1923",0.000184925512304925,5.96959910122621,10.5078168510886,93,10,9,-11.5,1,2
"1924",0.000184925512304925,5.96959910122621,10.5078168510886,93,10,9,-19.5,0,2
"1925",0.000184925512304925,5.96959910122621,10.5078168510886,93,10,9,-14.5,0,2
"1926",0.000184925512304925,5.96959910122621,10.5078168510886,93,10,9,-6.5,0,2
"1927",0.000184925512304925,5.96959910122621,10.5078168510886,93,10,9,2.5,0,2
"1928",0.000184925512304925,5.96959910122621,10.5078168510886,93,10,9,10.5,1,2
"1929",0.000184925512304925,5.96959910122621,10.5078168510886,93,10,9,7.5,1,2
"1930",0.000184925512304925,5.96959910122621,10.5078168510886,93,10,9,6.5,0,2
"1931",0.00129507388696277,5.70202059239147,11.2443087441166,94,10,9,-0.5,1,2
"1932",0.00129507388696277,5.70202059239147,11.2443087441166,94,10,9,-23.5,0,2
"1933",0.00129507388696277,5.70202059239147,11.2443087441166,94,10,9,-11.5,0,2
"1934",0.00129507388696277,5.70202059239147,11.2443087441166,94,10,9,0.5,0,2
"1935",0.00129507388696277,5.70202059239147,11.2443087441166,94,10,9,12.5,1,2
"1936",0.00129507388696277,5.70202059239147,11.2443087441166,94,10,9,6.5,1,2
"1937",0.00129507388696277,5.70202059239147,11.2443087441166,94,10,9,-6.5,1,2
"1938",0.00129507388696277,5.70202059239147,11.2443087441166,94,10,9,-13.5,0,2
"1939",0.00129507388696277,5.70202059239147,11.2443087441166,94,10,9,-12.5,0,2
"1940",0.00129507388696277,5.70202059239147,11.2443087441166,94,10,9,5.5,0,2
"1941",0.000609970126082335,-9.62238105909773,11.3817374393711,95,10,9,-0.5,1,2
"1942",0.000609970126082335,-9.62238105909773,11.3817374393711,95,10,9,-23.5,0,2
"1943",0.000609970126082335,-9.62238105909773,11.3817374393711,95,10,9,-11.5,1,2
"1944",0.000609970126082335,-9.62238105909773,11.3817374393711,95,10,9,-19.5,1,2
"1945",0.000609970126082335,-9.62238105909773,11.3817374393711,95,10,9,-28.5,1,2
"1946",0.000609970126082335,-9.62238105909773,11.3817374393711,95,10,9,-35.5,0,2
"1947",0.000609970126082335,-9.62238105909773,11.3817374393711,95,10,9,-34.5,0,2
"1948",0.000609970126082335,-9.62238105909773,11.3817374393711,95,10,9,-32.5,0,2
"1949",0.000609970126082335,-9.62238105909773,11.3817374393711,95,10,9,-17.5,0,2
"1950",0.000609970126082335,-9.62238105909773,11.3817374393711,95,10,9,-11.5,0,2
"1951",0.0907969775100008,0.552047901194877,11.0303921562189,96,10,9,-0.5,1,2
"1952",0.0907969775100008,0.552047901194877,11.0303921562189,96,10,9,-23.5,0,2
"1953",0.0907969775100008,0.552047901194877,11.0303921562189,96,10,9,-11.5,1,2
"1954",0.0907969775100008,0.552047901194877,11.0303921562189,96,10,9,-19.5,1,2
"1955",0.0907969775100008,0.552047901194877,11.0303921562189,96,10,9,-28.5,0,2
"1956",0.0907969775100008,0.552047901194877,11.0303921562189,96,10,9,-25.5,0,2
"1957",0.0907969775100008,0.552047901194877,11.0303921562189,96,10,9,-17.5,0,2
"1958",0.0907969775100008,0.552047901194877,11.0303921562189,96,10,9,-9.5,0,2
"1959",0.0907969775100008,0.552047901194877,11.0303921562189,96,10,9,-2.5,1,2
"1960",0.0907969775100008,0.552047901194877,11.0303921562189,96,10,9,-3.5,0,2
"1961",0.000240354296505752,8.27705546866812,6.04239849023696,97,10,9,-0.5,0,2
"1962",0.000240354296505752,8.27705546866812,6.04239849023696,97,10,9,22.5,1,2
"1963",0.000240354296505752,8.27705546866812,6.04239849023696,97,10,9,10.5,1,2
"1964",0.000240354296505752,8.27705546866812,6.04239849023696,97,10,9,-1.5,0,2
"1965",0.000240354296505752,8.27705546866812,6.04239849023696,97,10,9,6.5,0,2
"1966",0.000240354296505752,8.27705546866812,6.04239849023696,97,10,9,13.5,1,2
"1967",0.000240354296505752,8.27705546866812,6.04239849023696,97,10,9,5.5,0,2
"1968",0.000240354296505752,8.27705546866812,6.04239849023696,97,10,9,12.5,1,2
"1969",0.000240354296505752,8.27705546866812,6.04239849023696,97,10,9,8.5,0,2
"1970",0.000240354296505752,8.27705546866812,6.04239849023696,97,10,9,13.5,1,2
"1971",1.97853708903382e-06,27.9136041256322,15.6900310351305,98,10,9,-0.5,0,2
"1972",1.97853708903382e-06,27.9136041256322,15.6900310351305,98,10,9,22.5,0,2
"1973",1.97853708903382e-06,27.9136041256322,15.6900310351305,98,10,9,34.5,1,2
"1974",1.97853708903382e-06,27.9136041256322,15.6900310351305,98,10,9,27.5,0,2
"1975",1.97853708903382e-06,27.9136041256322,15.6900310351305,98,10,9,35.5,1,2
"1976",1.97853708903382e-06,27.9136041256322,15.6900310351305,98,10,9,30.5,0,2
"1977",1.97853708903382e-06,27.9136041256322,15.6900310351305,98,10,9,36.5,1,2
"1978",1.97853708903382e-06,27.9136041256322,15.6900310351305,98,10,9,28.5,1,2
"1979",1.97853708903382e-06,27.9136041256322,15.6900310351305,98,10,9,21.5,0,2
"1980",1.97853708903382e-06,27.9136041256322,15.6900310351305,98,10,9,37.5,1,2
"1981",0.00865143578751485,2.88928727690501,11.0043805121138,99,10,9,-0.5,0,2
"1982",0.00865143578751485,2.88928727690501,11.0043805121138,99,10,9,22.5,1,2
"1983",0.00865143578751485,2.88928727690501,11.0043805121138,99,10,9,10.5,0,2
"1984",0.00865143578751485,2.88928727690501,11.0043805121138,99,10,9,18.5,1,2
"1985",0.00865143578751485,2.88928727690501,11.0043805121138,99,10,9,13.5,1,2
"1986",0.00865143578751485,2.88928727690501,11.0043805121138,99,10,9,5.5,1,2
"1987",0.00865143578751485,2.88928727690501,11.0043805121138,99,10,9,-3.5,1,2
"1988",0.00865143578751485,2.88928727690501,11.0043805121138,99,10,9,-11.5,0,2
"1989",0.00865143578751485,2.88928727690501,11.0043805121138,99,10,9,-8.5,0,2
"1990",0.00865143578751485,2.88928727690501,11.0043805121138,99,10,9,-7.5,0,2
"1991",0.000248451693207899,-4.41373814580779,10.5613594744321,100,10,9,-0.5,1,2
"1992",0.000248451693207899,-4.41373814580779,10.5613594744321,100,10,9,-23.5,0,2
"1993",0.000248451693207899,-4.41373814580779,10.5613594744321,100,10,9,-11.5,0,2
"1994",0.000248451693207899,-4.41373814580779,10.5613594744321,100,10,9,0.5,1,2
"1995",0.000248451693207899,-4.41373814580779,10.5613594744321,100,10,9,-7.5,1,2
"1996",0.000248451693207899,-4.41373814580779,10.5613594744321,100,10,9,-14.5,0,2
"1997",0.000248451693207899,-4.41373814580779,10.5613594744321,100,10,9,-6.5,1,2
"1998",0.000248451693207899,-4.41373814580779,10.5613594744321,100,10,9,-13.5,0,2
"1999",0.000248451693207899,-4.41373814580779,10.5613594744321,100,10,9,-9.5,1,2
"2000",0.000248451693207899,-4.41373814580779,10.5613594744321,100,10,9,-14.5,0,2
