"","lapse","alpha","beta","participant_id","trials","subs","X","resp","sessions"
"1",0.000156708379450577,-17.1303468081175,9.29703721809476,1,50,49,-0.5,1,1
"2",0.000156708379450577,-17.1303468081175,9.29703721809476,1,50,49,-23.5,0,1
"3",0.000156708379450577,-17.1303468081175,9.29703721809476,1,50,49,-11.5,0,1
"4",0.000156708379450577,-17.1303468081175,9.29703721809476,1,50,49,0.5,1,1
"5",0.000156708379450577,-17.1303468081175,9.29703721809476,1,50,49,-7.5,1,1
"6",0.000156708379450577,-17.1303468081175,9.29703721809476,1,50,49,-14.5,1,1
"7",0.000156708379450577,-17.1303468081175,9.29703721809476,1,50,49,-23.5,1,1
"8",0.000156708379450577,-17.1303468081175,9.29703721809476,1,50,49,-30.5,0,1
"9",0.000156708379450577,-17.1303468081175,9.29703721809476,1,50,49,-29.5,0,1
"10",0.000156708379450577,-17.1303468081175,9.29703721809476,1,50,49,-27.5,0,1
"11",0.000156708379450577,-17.1303468081175,9.29703721809476,1,50,49,-8.5,0,1
"12",0.000156708379450577,-17.1303468081175,9.29703721809476,1,50,49,-2.5,1,1
"13",0.000156708379450577,-17.1303468081175,9.29703721809476,1,50,49,-25.5,1,1
"14",0.000156708379450577,-17.1303468081175,9.29703721809476,1,50,49,-29.5,0,1
"15",0.000156708379450577,-17.1303468081175,9.29703721809476,1,50,49,-5.5,1,1
"16",0.000156708379450577,-17.1303468081175,9.29703721809476,1,50,49,-30.5,0,1
"17",0.000156708379450577,-17.1303468081175,9.29703721809476,1,50,49,-4.5,1,1
"18",0.000156708379450577,-17.1303468081175,9.29703721809476,1,50,49,-30.5,0,1
"19",0.000156708379450577,-17.1303468081175,9.29703721809476,1,50,49,-4.5,1,1
"20",0.000156708379450577,-17.1303468081175,9.29703721809476,1,50,49,-30.5,0,1
"21",0.000156708379450577,-17.1303468081175,9.29703721809476,1,50,49,-5.5,1,1
"22",0.000156708379450577,-17.1303468081175,9.29703721809476,1,50,49,-30.5,0,1
"23",0.000156708379450577,-17.1303468081175,9.29703721809476,1,50,49,-5.5,1,1
"24",0.000156708379450577,-17.1303468081175,9.29703721809476,1,50,49,-29.5,0,1
"25",0.000156708379450577,-17.1303468081175,9.29703721809476,1,50,49,-6.5,1,1
"26",0.000156708379450577,-17.1303468081175,9.29703721809476,1,50,49,-29.5,0,1
"27",0.000156708379450577,-17.1303468081175,9.29703721809476,1,50,49,-7.5,0,1
"28",0.000156708379450577,-17.1303468081175,9.29703721809476,1,50,49,-2.5,1,1
"29",0.000156708379450577,-17.1303468081175,9.29703721809476,1,50,49,-28.5,1,1
"30",0.000156708379450577,-17.1303468081175,9.29703721809476,1,50,49,-32.5,0,1
"31",0.000156708379450577,-17.1303468081175,9.29703721809476,1,50,49,-3.5,1,1
"32",0.000156708379450577,-17.1303468081175,9.29703721809476,1,50,49,-31.5,0,1
"33",0.000156708379450577,-17.1303468081175,9.29703721809476,1,50,49,-3.5,1,1
"34",0.000156708379450577,-17.1303468081175,9.29703721809476,1,50,49,-31.5,0,1
"35",0.000156708379450577,-17.1303468081175,9.29703721809476,1,50,49,-4.5,1,1
"36",0.000156708379450577,-17.1303468081175,9.29703721809476,1,50,49,-30.5,0,1
"37",0.000156708379450577,-17.1303468081175,9.29703721809476,1,50,49,-5.5,1,1
"38",0.000156708379450577,-17.1303468081175,9.29703721809476,1,50,49,-29.5,0,1
"39",0.000156708379450577,-17.1303468081175,9.29703721809476,1,50,49,-5.5,1,1
"40",0.000156708379450577,-17.1303468081175,9.29703721809476,1,50,49,-29.5,1,1
"41",0.000156708379450577,-17.1303468081175,9.29703721809476,1,50,49,-32.5,0,1
"42",0.000156708379450577,-17.1303468081175,9.29703721809476,1,50,49,-5.5,1,1
"43",0.000156708379450577,-17.1303468081175,9.29703721809476,1,50,49,-31.5,0,1
"44",0.000156708379450577,-17.1303468081175,9.29703721809476,1,50,49,-6.5,1,1
"45",0.000156708379450577,-17.1303468081175,9.29703721809476,1,50,49,-7.5,1,1
"46",0.000156708379450577,-17.1303468081175,9.29703721809476,1,50,49,-31.5,0,1
"47",0.000156708379450577,-17.1303468081175,9.29703721809476,1,50,49,-7.5,1,1
"48",0.000156708379450577,-17.1303468081175,9.29703721809476,1,50,49,-30.5,0,1
"49",0.000156708379450577,-17.1303468081175,9.29703721809476,1,50,49,-8.5,0,1
"50",0.000156708379450577,-17.1303468081175,9.29703721809476,1,50,49,-30.5,0,1
"51",0.000803284980954463,-1.74389804445407,10.3123846355981,2,50,49,-0.5,0,1
"52",0.000803284980954463,-1.74389804445407,10.3123846355981,2,50,49,22.5,1,1
"53",0.000803284980954463,-1.74389804445407,10.3123846355981,2,50,49,10.5,1,1
"54",0.000803284980954463,-1.74389804445407,10.3123846355981,2,50,49,-1.5,1,1
"55",0.000803284980954463,-1.74389804445407,10.3123846355981,2,50,49,-13.5,1,1
"56",0.000803284980954463,-1.74389804445407,10.3123846355981,2,50,49,-23.5,0,1
"57",0.000803284980954463,-1.74389804445407,10.3123846355981,2,50,49,-15.5,0,1
"58",0.000803284980954463,-1.74389804445407,10.3123846355981,2,50,49,-10.5,0,1
"59",0.000803284980954463,-1.74389804445407,10.3123846355981,2,50,49,2.5,1,1
"60",0.000803284980954463,-1.74389804445407,10.3123846355981,2,50,49,-15.5,0,1
"61",0.000803284980954463,-1.74389804445407,10.3123846355981,2,50,49,3.5,1,1
"62",0.000803284980954463,-1.74389804445407,10.3123846355981,2,50,49,-16.5,1,1
"63",0.000803284980954463,-1.74389804445407,10.3123846355981,2,50,49,-21.5,0,1
"64",0.000803284980954463,-1.74389804445407,10.3123846355981,2,50,49,-20.5,0,1
"65",0.000803284980954463,-1.74389804445407,10.3123846355981,2,50,49,2.5,1,1
"66",0.000803284980954463,-1.74389804445407,10.3123846355981,2,50,49,2.5,1,1
"67",0.000803284980954463,-1.74389804445407,10.3123846355981,2,50,49,-21.5,0,1
"68",0.000803284980954463,-1.74389804445407,10.3123846355981,2,50,49,1.5,1,1
"69",0.000803284980954463,-1.74389804445407,10.3123846355981,2,50,49,-21.5,0,1
"70",0.000803284980954463,-1.74389804445407,10.3123846355981,2,50,49,1.5,1,1
"71",0.000803284980954463,-1.74389804445407,10.3123846355981,2,50,49,-20.5,0,1
"72",0.000803284980954463,-1.74389804445407,10.3123846355981,2,50,49,0.5,0,1
"73",0.000803284980954463,-1.74389804445407,10.3123846355981,2,50,49,5.5,0,1
"74",0.000803284980954463,-1.74389804445407,10.3123846355981,2,50,49,8.5,1,1
"75",0.000803284980954463,-1.74389804445407,10.3123846355981,2,50,49,-19.5,0,1
"76",0.000803284980954463,-1.74389804445407,10.3123846355981,2,50,49,8.5,1,1
"77",0.000803284980954463,-1.74389804445407,10.3123846355981,2,50,49,-19.5,0,1
"78",0.000803284980954463,-1.74389804445407,10.3123846355981,2,50,49,8.5,1,1
"79",0.000803284980954463,-1.74389804445407,10.3123846355981,2,50,49,-19.5,0,1
"80",0.000803284980954463,-1.74389804445407,10.3123846355981,2,50,49,7.5,0,1
"81",0.000803284980954463,-1.74389804445407,10.3123846355981,2,50,49,11.5,1,1
"82",0.000803284980954463,-1.74389804445407,10.3123846355981,2,50,49,10.5,1,1
"83",0.000803284980954463,-1.74389804445407,10.3123846355981,2,50,49,-18.5,0,1
"84",0.000803284980954463,-1.74389804445407,10.3123846355981,2,50,49,10.5,1,1
"85",0.000803284980954463,-1.74389804445407,10.3123846355981,2,50,49,-18.5,1,1
"86",0.000803284980954463,-1.74389804445407,10.3123846355981,2,50,49,-21.5,0,1
"87",0.000803284980954463,-1.74389804445407,10.3123846355981,2,50,49,9.5,1,1
"88",0.000803284980954463,-1.74389804445407,10.3123846355981,2,50,49,-21.5,0,1
"89",0.000803284980954463,-1.74389804445407,10.3123846355981,2,50,49,9.5,1,1
"90",0.000803284980954463,-1.74389804445407,10.3123846355981,2,50,49,-20.5,0,1
"91",0.000803284980954463,-1.74389804445407,10.3123846355981,2,50,49,-20.5,0,1
"92",0.000803284980954463,-1.74389804445407,10.3123846355981,2,50,49,8.5,0,1
"93",0.000803284980954463,-1.74389804445407,10.3123846355981,2,50,49,11.5,1,1
"94",0.000803284980954463,-1.74389804445407,10.3123846355981,2,50,49,11.5,1,1
"95",0.000803284980954463,-1.74389804445407,10.3123846355981,2,50,49,-19.5,0,1
"96",0.000803284980954463,-1.74389804445407,10.3123846355981,2,50,49,10.5,1,1
"97",0.000803284980954463,-1.74389804445407,10.3123846355981,2,50,49,-19.5,0,1
"98",0.000803284980954463,-1.74389804445407,10.3123846355981,2,50,49,-19.5,0,1
"99",0.000803284980954463,-1.74389804445407,10.3123846355981,2,50,49,10.5,1,1
"100",0.000803284980954463,-1.74389804445407,10.3123846355981,2,50,49,-18.5,0,1
"101",0.0769467159306365,-19.1592222855177,11.3006147442757,3,50,49,-0.5,1,1
"102",0.0769467159306365,-19.1592222855177,11.3006147442757,3,50,49,-23.5,1,1
"103",0.0769467159306365,-19.1592222855177,11.3006147442757,3,50,49,-34.5,0,1
"104",0.0769467159306365,-19.1592222855177,11.3006147442757,3,50,49,-28.5,0,1
"105",0.0769467159306365,-19.1592222855177,11.3006147442757,3,50,49,-19.5,1,1
"106",0.0769467159306365,-19.1592222855177,11.3006147442757,3,50,49,-30.5,0,1
"107",0.0769467159306365,-19.1592222855177,11.3006147442757,3,50,49,-21.5,1,1
"108",0.0769467159306365,-19.1592222855177,11.3006147442757,3,50,49,-26.5,0,1
"109",0.0769467159306365,-19.1592222855177,11.3006147442757,3,50,49,-21.5,1,1
"110",0.0769467159306365,-19.1592222855177,11.3006147442757,3,50,49,-27.5,0,1
"111",0.0769467159306365,-19.1592222855177,11.3006147442757,3,50,49,-24.5,0,1
"112",0.0769467159306365,-19.1592222855177,11.3006147442757,3,50,49,-20.5,0,1
"113",0.0769467159306365,-19.1592222855177,11.3006147442757,3,50,49,-14.5,0,1
"114",0.0769467159306365,-19.1592222855177,11.3006147442757,3,50,49,-7.5,1,1
"115",0.0769467159306365,-19.1592222855177,11.3006147442757,3,50,49,-8.5,1,1
"116",0.0769467159306365,-19.1592222855177,11.3006147442757,3,50,49,-9.5,1,1
"117",0.0769467159306365,-19.1592222855177,11.3006147442757,3,50,49,-10.5,1,1
"118",0.0769467159306365,-19.1592222855177,11.3006147442757,3,50,49,-31.5,0,1
"119",0.0769467159306365,-19.1592222855177,11.3006147442757,3,50,49,-11.5,1,1
"120",0.0769467159306365,-19.1592222855177,11.3006147442757,3,50,49,-30.5,0,1
"121",0.0769467159306365,-19.1592222855177,11.3006147442757,3,50,49,-12.5,1,1
"122",0.0769467159306365,-19.1592222855177,11.3006147442757,3,50,49,-13.5,1,1
"123",0.0769467159306365,-19.1592222855177,11.3006147442757,3,50,49,-29.5,1,1
"124",0.0769467159306365,-19.1592222855177,11.3006147442757,3,50,49,-34.5,0,1
"125",0.0769467159306365,-19.1592222855177,11.3006147442757,3,50,49,-33.5,0,1
"126",0.0769467159306365,-19.1592222855177,11.3006147442757,3,50,49,-12.5,0,1
"127",0.0769467159306365,-19.1592222855177,11.3006147442757,3,50,49,-8.5,1,1
"128",0.0769467159306365,-19.1592222855177,11.3006147442757,3,50,49,-33.5,0,1
"129",0.0769467159306365,-19.1592222855177,11.3006147442757,3,50,49,-8.5,0,1
"130",0.0769467159306365,-19.1592222855177,11.3006147442757,3,50,49,-5.5,1,1
"131",0.0769467159306365,-19.1592222855177,11.3006147442757,3,50,49,-5.5,1,1
"132",0.0769467159306365,-19.1592222855177,11.3006147442757,3,50,49,-34.5,0,1
"133",0.0769467159306365,-19.1592222855177,11.3006147442757,3,50,49,-33.5,0,1
"134",0.0769467159306365,-19.1592222855177,11.3006147442757,3,50,49,-6.5,1,1
"135",0.0769467159306365,-19.1592222855177,11.3006147442757,3,50,49,-6.5,1,1
"136",0.0769467159306365,-19.1592222855177,11.3006147442757,3,50,49,-32.5,1,1
"137",0.0769467159306365,-19.1592222855177,11.3006147442757,3,50,49,-35.5,0,1
"138",0.0769467159306365,-19.1592222855177,11.3006147442757,3,50,49,-35.5,0,1
"139",0.0769467159306365,-19.1592222855177,11.3006147442757,3,50,49,-6.5,0,1
"140",0.0769467159306365,-19.1592222855177,11.3006147442757,3,50,49,-3.5,1,1
"141",0.0769467159306365,-19.1592222855177,11.3006147442757,3,50,49,-35.5,0,1
"142",0.0769467159306365,-19.1592222855177,11.3006147442757,3,50,49,-4.5,1,1
"143",0.0769467159306365,-19.1592222855177,11.3006147442757,3,50,49,-35.5,0,1
"144",0.0769467159306365,-19.1592222855177,11.3006147442757,3,50,49,-4.5,1,1
"145",0.0769467159306365,-19.1592222855177,11.3006147442757,3,50,49,-34.5,0,1
"146",0.0769467159306365,-19.1592222855177,11.3006147442757,3,50,49,-5.5,0,1
"147",0.0769467159306365,-19.1592222855177,11.3006147442757,3,50,49,-2.5,1,1
"148",0.0769467159306365,-19.1592222855177,11.3006147442757,3,50,49,-2.5,0,1
"149",0.0769467159306365,-19.1592222855177,11.3006147442757,3,50,49,-0.5,1,1
"150",0.0769467159306365,-19.1592222855177,11.3006147442757,3,50,49,-0.5,1,1
"151",0.00574505364490259,-39.5843157250347,7.09947517201315,4,50,49,-0.5,1,1
"152",0.00574505364490259,-39.5843157250347,7.09947517201315,4,50,49,-23.5,1,1
"153",0.00574505364490259,-39.5843157250347,7.09947517201315,4,50,49,-34.5,1,1
"154",0.00574505364490259,-39.5843157250347,7.09947517201315,4,50,49,-40.5,0,1
"155",0.00574505364490259,-39.5843157250347,7.09947517201315,4,50,49,-33.5,0,1
"156",0.00574505364490259,-39.5843157250347,7.09947517201315,4,50,49,-26.5,1,1
"157",0.00574505364490259,-39.5843157250347,7.09947517201315,4,50,49,-40.5,1,1
"158",0.00574505364490259,-39.5843157250347,7.09947517201315,4,50,49,-45.5,0,1
"159",0.00574505364490259,-39.5843157250347,7.09947517201315,4,50,49,-27.5,1,1
"160",0.00574505364490259,-39.5843157250347,7.09947517201315,4,50,49,-46.5,0,1
"161",0.00574505364490259,-39.5843157250347,7.09947517201315,4,50,49,-46.5,0,1
"162",0.00574505364490259,-39.5843157250347,7.09947517201315,4,50,49,-27.5,1,1
"163",0.00574505364490259,-39.5843157250347,7.09947517201315,4,50,49,-45.5,0,1
"164",0.00574505364490259,-39.5843157250347,7.09947517201315,4,50,49,-28.5,0,1
"165",0.00574505364490259,-39.5843157250347,7.09947517201315,4,50,49,-23.5,1,1
"166",0.00574505364490259,-39.5843157250347,7.09947517201315,4,50,49,-45.5,1,1
"167",0.00574505364490259,-39.5843157250347,7.09947517201315,4,50,49,-49.5,0,1
"168",0.00574505364490259,-39.5843157250347,7.09947517201315,4,50,49,-23.5,1,1
"169",0.00574505364490259,-39.5843157250347,7.09947517201315,4,50,49,-49.5,0,1
"170",0.00574505364490259,-39.5843157250347,7.09947517201315,4,50,49,-24.5,1,1
"171",0.00574505364490259,-39.5843157250347,7.09947517201315,4,50,49,-49.5,0,1
"172",0.00574505364490259,-39.5843157250347,7.09947517201315,4,50,49,-24.5,1,1
"173",0.00574505364490259,-39.5843157250347,7.09947517201315,4,50,49,-48.5,0,1
"174",0.00574505364490259,-39.5843157250347,7.09947517201315,4,50,49,-25.5,1,1
"175",0.00574505364490259,-39.5843157250347,7.09947517201315,4,50,49,-48.5,0,1
"176",0.00574505364490259,-39.5843157250347,7.09947517201315,4,50,49,-26.5,1,1
"177",0.00574505364490259,-39.5843157250347,7.09947517201315,4,50,49,-47.5,0,1
"178",0.00574505364490259,-39.5843157250347,7.09947517201315,4,50,49,-27.5,1,1
"179",0.00574505364490259,-39.5843157250347,7.09947517201315,4,50,49,-46.5,0,1
"180",0.00574505364490259,-39.5843157250347,7.09947517201315,4,50,49,-28.5,1,1
"181",0.00574505364490259,-39.5843157250347,7.09947517201315,4,50,49,-45.5,0,1
"182",0.00574505364490259,-39.5843157250347,7.09947517201315,4,50,49,-29.5,1,1
"183",0.00574505364490259,-39.5843157250347,7.09947517201315,4,50,49,-44.5,0,1
"184",0.00574505364490259,-39.5843157250347,7.09947517201315,4,50,49,-30.5,1,1
"185",0.00574505364490259,-39.5843157250347,7.09947517201315,4,50,49,-43.5,1,1
"186",0.00574505364490259,-39.5843157250347,7.09947517201315,4,50,49,-30.5,1,1
"187",0.00574505364490259,-39.5843157250347,7.09947517201315,4,50,49,-31.5,1,1
"188",0.00574505364490259,-39.5843157250347,7.09947517201315,4,50,49,-47.5,1,1
"189",0.00574505364490259,-39.5843157250347,7.09947517201315,4,50,49,-50.5,0,1
"190",0.00574505364490259,-39.5843157250347,7.09947517201315,4,50,49,-49.5,0,1
"191",0.00574505364490259,-39.5843157250347,7.09947517201315,4,50,49,-30.5,0,1
"192",0.00574505364490259,-39.5843157250347,7.09947517201315,4,50,49,-49.5,0,1
"193",0.00574505364490259,-39.5843157250347,7.09947517201315,4,50,49,-27.5,1,1
"194",0.00574505364490259,-39.5843157250347,7.09947517201315,4,50,49,-49.5,0,1
"195",0.00574505364490259,-39.5843157250347,7.09947517201315,4,50,49,-28.5,1,1
"196",0.00574505364490259,-39.5843157250347,7.09947517201315,4,50,49,-48.5,0,1
"197",0.00574505364490259,-39.5843157250347,7.09947517201315,4,50,49,-28.5,1,1
"198",0.00574505364490259,-39.5843157250347,7.09947517201315,4,50,49,-48.5,0,1
"199",0.00574505364490259,-39.5843157250347,7.09947517201315,4,50,49,-29.5,1,1
"200",0.00574505364490259,-39.5843157250347,7.09947517201315,4,50,49,-29.5,1,1
"201",0.000116247840830782,-20.4008829721474,10.1475258658029,5,50,49,-0.5,1,1
"202",0.000116247840830782,-20.4008829721474,10.1475258658029,5,50,49,-23.5,1,1
"203",0.000116247840830782,-20.4008829721474,10.1475258658029,5,50,49,-34.5,0,1
"204",0.000116247840830782,-20.4008829721474,10.1475258658029,5,50,49,-28.5,1,1
"205",0.000116247840830782,-20.4008829721474,10.1475258658029,5,50,49,-36.5,0,1
"206",0.000116247840830782,-20.4008829721474,10.1475258658029,5,50,49,-27.5,0,1
"207",0.000116247840830782,-20.4008829721474,10.1475258658029,5,50,49,-20.5,0,1
"208",0.000116247840830782,-20.4008829721474,10.1475258658029,5,50,49,-13.5,1,1
"209",0.000116247840830782,-20.4008829721474,10.1475258658029,5,50,49,-15.5,1,1
"210",0.000116247840830782,-20.4008829721474,10.1475258658029,5,50,49,-34.5,1,1
"211",0.000116247840830782,-20.4008829721474,10.1475258658029,5,50,49,-39.5,0,1
"212",0.000116247840830782,-20.4008829721474,10.1475258658029,5,50,49,-38.5,0,1
"213",0.000116247840830782,-20.4008829721474,10.1475258658029,5,50,49,-15.5,1,1
"214",0.000116247840830782,-20.4008829721474,10.1475258658029,5,50,49,-39.5,0,1
"215",0.000116247840830782,-20.4008829721474,10.1475258658029,5,50,49,-16.5,1,1
"216",0.000116247840830782,-20.4008829721474,10.1475258658029,5,50,49,-39.5,0,1
"217",0.000116247840830782,-20.4008829721474,10.1475258658029,5,50,49,-16.5,1,1
"218",0.000116247840830782,-20.4008829721474,10.1475258658029,5,50,49,-38.5,0,1
"219",0.000116247840830782,-20.4008829721474,10.1475258658029,5,50,49,-17.5,0,1
"220",0.000116247840830782,-20.4008829721474,10.1475258658029,5,50,49,-12.5,1,1
"221",0.000116247840830782,-20.4008829721474,10.1475258658029,5,50,49,-13.5,0,1
"222",0.000116247840830782,-20.4008829721474,10.1475258658029,5,50,49,-9.5,1,1
"223",0.000116247840830782,-20.4008829721474,10.1475258658029,5,50,49,-37.5,0,1
"224",0.000116247840830782,-20.4008829721474,10.1475258658029,5,50,49,-9.5,1,1
"225",0.000116247840830782,-20.4008829721474,10.1475258658029,5,50,49,-37.5,0,1
"226",0.000116247840830782,-20.4008829721474,10.1475258658029,5,50,49,-10.5,1,1
"227",0.000116247840830782,-20.4008829721474,10.1475258658029,5,50,49,-37.5,0,1
"228",0.000116247840830782,-20.4008829721474,10.1475258658029,5,50,49,-10.5,1,1
"229",0.000116247840830782,-20.4008829721474,10.1475258658029,5,50,49,-36.5,0,1
"230",0.000116247840830782,-20.4008829721474,10.1475258658029,5,50,49,-11.5,1,1
"231",0.000116247840830782,-20.4008829721474,10.1475258658029,5,50,49,-35.5,0,1
"232",0.000116247840830782,-20.4008829721474,10.1475258658029,5,50,49,-11.5,1,1
"233",0.000116247840830782,-20.4008829721474,10.1475258658029,5,50,49,-34.5,0,1
"234",0.000116247840830782,-20.4008829721474,10.1475258658029,5,50,49,-12.5,1,1
"235",0.000116247840830782,-20.4008829721474,10.1475258658029,5,50,49,-34.5,0,1
"236",0.000116247840830782,-20.4008829721474,10.1475258658029,5,50,49,-33.5,0,1
"237",0.000116247840830782,-20.4008829721474,10.1475258658029,5,50,49,-13.5,0,1
"238",0.000116247840830782,-20.4008829721474,10.1475258658029,5,50,49,-9.5,1,1
"239",0.000116247840830782,-20.4008829721474,10.1475258658029,5,50,49,-33.5,0,1
"240",0.000116247840830782,-20.4008829721474,10.1475258658029,5,50,49,-10.5,1,1
"241",0.000116247840830782,-20.4008829721474,10.1475258658029,5,50,49,-32.5,0,1
"242",0.000116247840830782,-20.4008829721474,10.1475258658029,5,50,49,-11.5,0,1
"243",0.000116247840830782,-20.4008829721474,10.1475258658029,5,50,49,-8.5,1,1
"244",0.000116247840830782,-20.4008829721474,10.1475258658029,5,50,49,-32.5,1,1
"245",0.000116247840830782,-20.4008829721474,10.1475258658029,5,50,49,-8.5,1,1
"246",0.000116247840830782,-20.4008829721474,10.1475258658029,5,50,49,-35.5,0,1
"247",0.000116247840830782,-20.4008829721474,10.1475258658029,5,50,49,-8.5,1,1
"248",0.000116247840830782,-20.4008829721474,10.1475258658029,5,50,49,-35.5,0,1
"249",0.000116247840830782,-20.4008829721474,10.1475258658029,5,50,49,-9.5,1,1
"250",0.000116247840830782,-20.4008829721474,10.1475258658029,5,50,49,-34.5,0,1
"251",4.05613650358777e-05,-18.5048931913819,11.2256905994075,6,50,49,-0.5,1,1
"252",4.05613650358777e-05,-18.5048931913819,11.2256905994075,6,50,49,-23.5,0,1
"253",4.05613650358777e-05,-18.5048931913819,11.2256905994075,6,50,49,-11.5,1,1
"254",4.05613650358777e-05,-18.5048931913819,11.2256905994075,6,50,49,-19.5,1,1
"255",4.05613650358777e-05,-18.5048931913819,11.2256905994075,6,50,49,-28.5,0,1
"256",4.05613650358777e-05,-18.5048931913819,11.2256905994075,6,50,49,-25.5,0,1
"257",4.05613650358777e-05,-18.5048931913819,11.2256905994075,6,50,49,-17.5,1,1
"258",4.05613650358777e-05,-18.5048931913819,11.2256905994075,6,50,49,-25.5,0,1
"259",4.05613650358777e-05,-18.5048931913819,11.2256905994075,6,50,49,-18.5,0,1
"260",4.05613650358777e-05,-18.5048931913819,11.2256905994075,6,50,49,-12.5,1,1
"261",4.05613650358777e-05,-18.5048931913819,11.2256905994075,6,50,49,-13.5,1,1
"262",4.05613650358777e-05,-18.5048931913819,11.2256905994075,6,50,49,-25.5,0,1
"263",4.05613650358777e-05,-18.5048931913819,11.2256905994075,6,50,49,-14.5,1,1
"264",4.05613650358777e-05,-18.5048931913819,11.2256905994075,6,50,49,-23.5,0,1
"265",4.05613650358777e-05,-18.5048931913819,11.2256905994075,6,50,49,-15.5,1,1
"266",4.05613650358777e-05,-18.5048931913819,11.2256905994075,6,50,49,-21.5,0,1
"267",4.05613650358777e-05,-18.5048931913819,11.2256905994075,6,50,49,-16.5,1,1
"268",4.05613650358777e-05,-18.5048931913819,11.2256905994075,6,50,49,-21.5,0,1
"269",4.05613650358777e-05,-18.5048931913819,11.2256905994075,6,50,49,-20.5,0,1
"270",4.05613650358777e-05,-18.5048931913819,11.2256905994075,6,50,49,-16.5,1,1
"271",4.05613650358777e-05,-18.5048931913819,11.2256905994075,6,50,49,-19.5,1,1
"272",4.05613650358777e-05,-18.5048931913819,11.2256905994075,6,50,49,-21.5,0,1
"273",4.05613650358777e-05,-18.5048931913819,11.2256905994075,6,50,49,-17.5,0,1
"274",4.05613650358777e-05,-18.5048931913819,11.2256905994075,6,50,49,-15.5,1,1
"275",4.05613650358777e-05,-18.5048931913819,11.2256905994075,6,50,49,-21.5,1,1
"276",4.05613650358777e-05,-18.5048931913819,11.2256905994075,6,50,49,-23.5,0,1
"277",4.05613650358777e-05,-18.5048931913819,11.2256905994075,6,50,49,-15.5,1,1
"278",4.05613650358777e-05,-18.5048931913819,11.2256905994075,6,50,49,-23.5,0,1
"279",4.05613650358777e-05,-18.5048931913819,11.2256905994075,6,50,49,-15.5,0,1
"280",4.05613650358777e-05,-18.5048931913819,11.2256905994075,6,50,49,-13.5,1,1
"281",4.05613650358777e-05,-18.5048931913819,11.2256905994075,6,50,49,-13.5,0,1
"282",4.05613650358777e-05,-18.5048931913819,11.2256905994075,6,50,49,-10.5,1,1
"283",4.05613650358777e-05,-18.5048931913819,11.2256905994075,6,50,49,-11.5,1,1
"284",4.05613650358777e-05,-18.5048931913819,11.2256905994075,6,50,49,-24.5,0,1
"285",4.05613650358777e-05,-18.5048931913819,11.2256905994075,6,50,49,-12.5,1,1
"286",4.05613650358777e-05,-18.5048931913819,11.2256905994075,6,50,49,-24.5,0,1
"287",4.05613650358777e-05,-18.5048931913819,11.2256905994075,6,50,49,-12.5,1,1
"288",4.05613650358777e-05,-18.5048931913819,11.2256905994075,6,50,49,-23.5,1,1
"289",4.05613650358777e-05,-18.5048931913819,11.2256905994075,6,50,49,-25.5,0,1
"290",4.05613650358777e-05,-18.5048931913819,11.2256905994075,6,50,49,-25.5,0,1
"291",4.05613650358777e-05,-18.5048931913819,11.2256905994075,6,50,49,-12.5,1,1
"292",4.05613650358777e-05,-18.5048931913819,11.2256905994075,6,50,49,-24.5,0,1
"293",4.05613650358777e-05,-18.5048931913819,11.2256905994075,6,50,49,-13.5,0,1
"294",4.05613650358777e-05,-18.5048931913819,11.2256905994075,6,50,49,-11.5,1,1
"295",4.05613650358777e-05,-18.5048931913819,11.2256905994075,6,50,49,-11.5,0,1
"296",4.05613650358777e-05,-18.5048931913819,11.2256905994075,6,50,49,-9.5,1,1
"297",4.05613650358777e-05,-18.5048931913819,11.2256905994075,6,50,49,-26.5,0,1
"298",4.05613650358777e-05,-18.5048931913819,11.2256905994075,6,50,49,-9.5,1,1
"299",4.05613650358777e-05,-18.5048931913819,11.2256905994075,6,50,49,-25.5,0,1
"300",4.05613650358777e-05,-18.5048931913819,11.2256905994075,6,50,49,-10.5,0,1
"301",0.00248446456950201,-7.70103040228035,7.40223766849598,7,50,49,-0.5,1,1
"302",0.00248446456950201,-7.70103040228035,7.40223766849598,7,50,49,-23.5,0,1
"303",0.00248446456950201,-7.70103040228035,7.40223766849598,7,50,49,-11.5,0,1
"304",0.00248446456950201,-7.70103040228035,7.40223766849598,7,50,49,0.5,0,1
"305",0.00248446456950201,-7.70103040228035,7.40223766849598,7,50,49,12.5,1,1
"306",0.00248446456950201,-7.70103040228035,7.40223766849598,7,50,49,6.5,1,1
"307",0.00248446456950201,-7.70103040228035,7.40223766849598,7,50,49,-6.5,0,1
"308",0.00248446456950201,-7.70103040228035,7.40223766849598,7,50,49,7.5,1,1
"309",0.00248446456950201,-7.70103040228035,7.40223766849598,7,50,49,-6.5,0,1
"310",0.00248446456950201,-7.70103040228035,7.40223766849598,7,50,49,6.5,1,1
"311",0.00248446456950201,-7.70103040228035,7.40223766849598,7,50,49,-5.5,0,1
"312",0.00248446456950201,-7.70103040228035,7.40223766849598,7,50,49,4.5,0,1
"313",0.00248446456950201,-7.70103040228035,7.40223766849598,7,50,49,10.5,1,1
"314",0.00248446456950201,-7.70103040228035,7.40223766849598,7,50,49,-5.5,1,1
"315",0.00248446456950201,-7.70103040228035,7.40223766849598,7,50,49,-10.5,0,1
"316",0.00248446456950201,-7.70103040228035,7.40223766849598,7,50,49,10.5,1,1
"317",0.00248446456950201,-7.70103040228035,7.40223766849598,7,50,49,-10.5,1,1
"318",0.00248446456950201,-7.70103040228035,7.40223766849598,7,50,49,-14.5,0,1
"319",0.00248446456950201,-7.70103040228035,7.40223766849598,7,50,49,-14.5,0,1
"320",0.00248446456950201,-7.70103040228035,7.40223766849598,7,50,49,10.5,1,1
"321",0.00248446456950201,-7.70103040228035,7.40223766849598,7,50,49,-13.5,1,1
"322",0.00248446456950201,-7.70103040228035,7.40223766849598,7,50,49,-17.5,0,1
"323",0.00248446456950201,-7.70103040228035,7.40223766849598,7,50,49,10.5,1,1
"324",0.00248446456950201,-7.70103040228035,7.40223766849598,7,50,49,-17.5,0,1
"325",0.00248446456950201,-7.70103040228035,7.40223766849598,7,50,49,10.5,1,1
"326",0.00248446456950201,-7.70103040228035,7.40223766849598,7,50,49,-16.5,0,1
"327",0.00248446456950201,-7.70103040228035,7.40223766849598,7,50,49,9.5,1,1
"328",0.00248446456950201,-7.70103040228035,7.40223766849598,7,50,49,-16.5,0,1
"329",0.00248446456950201,-7.70103040228035,7.40223766849598,7,50,49,8.5,1,1
"330",0.00248446456950201,-7.70103040228035,7.40223766849598,7,50,49,-15.5,1,1
"331",0.00248446456950201,-7.70103040228035,7.40223766849598,7,50,49,-19.5,0,1
"332",0.00248446456950201,-7.70103040228035,7.40223766849598,7,50,49,-18.5,0,1
"333",0.00248446456950201,-7.70103040228035,7.40223766849598,7,50,49,8.5,1,1
"334",0.00248446456950201,-7.70103040228035,7.40223766849598,7,50,49,-18.5,0,1
"335",0.00248446456950201,-7.70103040228035,7.40223766849598,7,50,49,8.5,1,1
"336",0.00248446456950201,-7.70103040228035,7.40223766849598,7,50,49,7.5,1,1
"337",0.00248446456950201,-7.70103040228035,7.40223766849598,7,50,49,-17.5,0,1
"338",0.00248446456950201,-7.70103040228035,7.40223766849598,7,50,49,6.5,1,1
"339",0.00248446456950201,-7.70103040228035,7.40223766849598,7,50,49,-16.5,0,1
"340",0.00248446456950201,-7.70103040228035,7.40223766849598,7,50,49,6.5,1,1
"341",0.00248446456950201,-7.70103040228035,7.40223766849598,7,50,49,-15.5,0,1
"342",0.00248446456950201,-7.70103040228035,7.40223766849598,7,50,49,5.5,1,1
"343",0.00248446456950201,-7.70103040228035,7.40223766849598,7,50,49,-15.5,1,1
"344",0.00248446456950201,-7.70103040228035,7.40223766849598,7,50,49,-18.5,0,1
"345",0.00248446456950201,-7.70103040228035,7.40223766849598,7,50,49,5.5,1,1
"346",0.00248446456950201,-7.70103040228035,7.40223766849598,7,50,49,-17.5,1,1
"347",0.00248446456950201,-7.70103040228035,7.40223766849598,7,50,49,-20.5,0,1
"348",0.00248446456950201,-7.70103040228035,7.40223766849598,7,50,49,5.5,1,1
"349",0.00248446456950201,-7.70103040228035,7.40223766849598,7,50,49,-19.5,0,1
"350",0.00248446456950201,-7.70103040228035,7.40223766849598,7,50,49,5.5,1,1
"351",0.000242352226205731,-21.5685243590081,7.55336681821931,8,50,49,-0.5,1,1
"352",0.000242352226205731,-21.5685243590081,7.55336681821931,8,50,49,-23.5,1,1
"353",0.000242352226205731,-21.5685243590081,7.55336681821931,8,50,49,-34.5,0,1
"354",0.000242352226205731,-21.5685243590081,7.55336681821931,8,50,49,-28.5,1,1
"355",0.000242352226205731,-21.5685243590081,7.55336681821931,8,50,49,-36.5,1,1
"356",0.000242352226205731,-21.5685243590081,7.55336681821931,8,50,49,-41.5,0,1
"357",0.000242352226205731,-21.5685243590081,7.55336681821931,8,50,49,-41.5,0,1
"358",0.000242352226205731,-21.5685243590081,7.55336681821931,8,50,49,-27.5,1,1
"359",0.000242352226205731,-21.5685243590081,7.55336681821931,8,50,49,-42.5,0,1
"360",0.000242352226205731,-21.5685243590081,7.55336681821931,8,50,49,-28.5,0,1
"361",0.000242352226205731,-21.5685243590081,7.55336681821931,8,50,49,-22.5,1,1
"362",0.000242352226205731,-21.5685243590081,7.55336681821931,8,50,49,-42.5,0,1
"363",0.000242352226205731,-21.5685243590081,7.55336681821931,8,50,49,-22.5,0,1
"364",0.000242352226205731,-21.5685243590081,7.55336681821931,8,50,49,-17.5,1,1
"365",0.000242352226205731,-21.5685243590081,7.55336681821931,8,50,49,-18.5,0,1
"366",0.000242352226205731,-21.5685243590081,7.55336681821931,8,50,49,-14.5,1,1
"367",0.000242352226205731,-21.5685243590081,7.55336681821931,8,50,49,-14.5,1,1
"368",0.000242352226205731,-21.5685243590081,7.55336681821931,8,50,49,-41.5,0,1
"369",0.000242352226205731,-21.5685243590081,7.55336681821931,8,50,49,-14.5,1,1
"370",0.000242352226205731,-21.5685243590081,7.55336681821931,8,50,49,-41.5,0,1
"371",0.000242352226205731,-21.5685243590081,7.55336681821931,8,50,49,-14.5,1,1
"372",0.000242352226205731,-21.5685243590081,7.55336681821931,8,50,49,-40.5,0,1
"373",0.000242352226205731,-21.5685243590081,7.55336681821931,8,50,49,-15.5,1,1
"374",0.000242352226205731,-21.5685243590081,7.55336681821931,8,50,49,-40.5,0,1
"375",0.000242352226205731,-21.5685243590081,7.55336681821931,8,50,49,-15.5,0,1
"376",0.000242352226205731,-21.5685243590081,7.55336681821931,8,50,49,-12.5,1,1
"377",0.000242352226205731,-21.5685243590081,7.55336681821931,8,50,49,-40.5,0,1
"378",0.000242352226205731,-21.5685243590081,7.55336681821931,8,50,49,-12.5,1,1
"379",0.000242352226205731,-21.5685243590081,7.55336681821931,8,50,49,-39.5,0,1
"380",0.000242352226205731,-21.5685243590081,7.55336681821931,8,50,49,-13.5,0,1
"381",0.000242352226205731,-21.5685243590081,7.55336681821931,8,50,49,-9.5,1,1
"382",0.000242352226205731,-21.5685243590081,7.55336681821931,8,50,49,-10.5,1,1
"383",0.000242352226205731,-21.5685243590081,7.55336681821931,8,50,49,-39.5,0,1
"384",0.000242352226205731,-21.5685243590081,7.55336681821931,8,50,49,-38.5,0,1
"385",0.000242352226205731,-21.5685243590081,7.55336681821931,8,50,49,-10.5,1,1
"386",0.000242352226205731,-21.5685243590081,7.55336681821931,8,50,49,-38.5,0,1
"387",0.000242352226205731,-21.5685243590081,7.55336681821931,8,50,49,-11.5,1,1
"388",0.000242352226205731,-21.5685243590081,7.55336681821931,8,50,49,-37.5,0,1
"389",0.000242352226205731,-21.5685243590081,7.55336681821931,8,50,49,-11.5,1,1
"390",0.000242352226205731,-21.5685243590081,7.55336681821931,8,50,49,-37.5,0,1
"391",0.000242352226205731,-21.5685243590081,7.55336681821931,8,50,49,-12.5,1,1
"392",0.000242352226205731,-21.5685243590081,7.55336681821931,8,50,49,-36.5,0,1
"393",0.000242352226205731,-21.5685243590081,7.55336681821931,8,50,49,-35.5,0,1
"394",0.000242352226205731,-21.5685243590081,7.55336681821931,8,50,49,-13.5,1,1
"395",0.000242352226205731,-21.5685243590081,7.55336681821931,8,50,49,-35.5,0,1
"396",0.000242352226205731,-21.5685243590081,7.55336681821931,8,50,49,-13.5,1,1
"397",0.000242352226205731,-21.5685243590081,7.55336681821931,8,50,49,-34.5,0,1
"398",0.000242352226205731,-21.5685243590081,7.55336681821931,8,50,49,-14.5,1,1
"399",0.000242352226205731,-21.5685243590081,7.55336681821931,8,50,49,-33.5,0,1
"400",0.000242352226205731,-21.5685243590081,7.55336681821931,8,50,49,-33.5,0,1
"401",2.73373877115474e-05,9.48869362872089,12.1034534891143,9,50,49,-0.5,0,1
"402",2.73373877115474e-05,9.48869362872089,12.1034534891143,9,50,49,22.5,1,1
"403",2.73373877115474e-05,9.48869362872089,12.1034534891143,9,50,49,10.5,0,1
"404",2.73373877115474e-05,9.48869362872089,12.1034534891143,9,50,49,18.5,1,1
"405",2.73373877115474e-05,9.48869362872089,12.1034534891143,9,50,49,13.5,1,1
"406",2.73373877115474e-05,9.48869362872089,12.1034534891143,9,50,49,5.5,0,1
"407",2.73373877115474e-05,9.48869362872089,12.1034534891143,9,50,49,8.5,0,1
"408",2.73373877115474e-05,9.48869362872089,12.1034534891143,9,50,49,16.5,1,1
"409",2.73373877115474e-05,9.48869362872089,12.1034534891143,9,50,49,9.5,1,1
"410",2.73373877115474e-05,9.48869362872089,12.1034534891143,9,50,49,3.5,1,1
"411",2.73373877115474e-05,9.48869362872089,12.1034534891143,9,50,49,-3.5,0,1
"412",2.73373877115474e-05,9.48869362872089,12.1034534891143,9,50,49,-2.5,1,1
"413",2.73373877115474e-05,9.48869362872089,12.1034534891143,9,50,49,-7.5,0,1
"414",2.73373877115474e-05,9.48869362872089,12.1034534891143,9,50,49,-6.5,0,1
"415",2.73373877115474e-05,9.48869362872089,12.1034534891143,9,50,49,18.5,1,1
"416",2.73373877115474e-05,9.48869362872089,12.1034534891143,9,50,49,-6.5,0,1
"417",2.73373877115474e-05,9.48869362872089,12.1034534891143,9,50,49,18.5,0,1
"418",2.73373877115474e-05,9.48869362872089,12.1034534891143,9,50,49,21.5,1,1
"419",2.73373877115474e-05,9.48869362872089,12.1034534891143,9,50,49,-5.5,0,1
"420",2.73373877115474e-05,9.48869362872089,12.1034534891143,9,50,49,21.5,1,1
"421",2.73373877115474e-05,9.48869362872089,12.1034534891143,9,50,49,-5.5,0,1
"422",2.73373877115474e-05,9.48869362872089,12.1034534891143,9,50,49,21.5,1,1
"423",2.73373877115474e-05,9.48869362872089,12.1034534891143,9,50,49,-5.5,0,1
"424",2.73373877115474e-05,9.48869362872089,12.1034534891143,9,50,49,21.5,1,1
"425",2.73373877115474e-05,9.48869362872089,12.1034534891143,9,50,49,-4.5,0,1
"426",2.73373877115474e-05,9.48869362872089,12.1034534891143,9,50,49,20.5,1,1
"427",2.73373877115474e-05,9.48869362872089,12.1034534891143,9,50,49,-3.5,1,1
"428",2.73373877115474e-05,9.48869362872089,12.1034534891143,9,50,49,-7.5,0,1
"429",2.73373877115474e-05,9.48869362872089,12.1034534891143,9,50,49,20.5,1,1
"430",2.73373877115474e-05,9.48869362872089,12.1034534891143,9,50,49,-7.5,0,1
"431",2.73373877115474e-05,9.48869362872089,12.1034534891143,9,50,49,19.5,1,1
"432",2.73373877115474e-05,9.48869362872089,12.1034534891143,9,50,49,-6.5,0,1
"433",2.73373877115474e-05,9.48869362872089,12.1034534891143,9,50,49,19.5,1,1
"434",2.73373877115474e-05,9.48869362872089,12.1034534891143,9,50,49,-6.5,0,1
"435",2.73373877115474e-05,9.48869362872089,12.1034534891143,9,50,49,18.5,1,1
"436",2.73373877115474e-05,9.48869362872089,12.1034534891143,9,50,49,-5.5,1,1
"437",2.73373877115474e-05,9.48869362872089,12.1034534891143,9,50,49,-8.5,0,1
"438",2.73373877115474e-05,9.48869362872089,12.1034534891143,9,50,49,18.5,0,1
"439",2.73373877115474e-05,9.48869362872089,12.1034534891143,9,50,49,21.5,1,1
"440",2.73373877115474e-05,9.48869362872089,12.1034534891143,9,50,49,-8.5,0,1
"441",2.73373877115474e-05,9.48869362872089,12.1034534891143,9,50,49,21.5,1,1
"442",2.73373877115474e-05,9.48869362872089,12.1034534891143,9,50,49,-8.5,0,1
"443",2.73373877115474e-05,9.48869362872089,12.1034534891143,9,50,49,20.5,1,1
"444",2.73373877115474e-05,9.48869362872089,12.1034534891143,9,50,49,-7.5,0,1
"445",2.73373877115474e-05,9.48869362872089,12.1034534891143,9,50,49,20.5,0,1
"446",2.73373877115474e-05,9.48869362872089,12.1034534891143,9,50,49,23.5,1,1
"447",2.73373877115474e-05,9.48869362872089,12.1034534891143,9,50,49,-7.5,1,1
"448",2.73373877115474e-05,9.48869362872089,12.1034534891143,9,50,49,-10.5,0,1
"449",2.73373877115474e-05,9.48869362872089,12.1034534891143,9,50,49,22.5,1,1
"450",2.73373877115474e-05,9.48869362872089,12.1034534891143,9,50,49,-9.5,0,1
"451",0.00431407138365965,-11.1085811997471,9.9206189040343,10,50,49,-0.5,0,1
"452",0.00431407138365965,-11.1085811997471,9.9206189040343,10,50,49,22.5,1,1
"453",0.00431407138365965,-11.1085811997471,9.9206189040343,10,50,49,10.5,1,1
"454",0.00431407138365965,-11.1085811997471,9.9206189040343,10,50,49,-1.5,1,1
"455",0.00431407138365965,-11.1085811997471,9.9206189040343,10,50,49,-13.5,0,1
"456",0.00431407138365965,-11.1085811997471,9.9206189040343,10,50,49,-7.5,0,1
"457",0.00431407138365965,-11.1085811997471,9.9206189040343,10,50,49,5.5,1,1
"458",0.00431407138365965,-11.1085811997471,9.9206189040343,10,50,49,-8.5,1,1
"459",0.00431407138365965,-11.1085811997471,9.9206189040343,10,50,49,-15.5,1,1
"460",0.00431407138365965,-11.1085811997471,9.9206189040343,10,50,49,-20.5,0,1
"461",0.00431407138365965,-11.1085811997471,9.9206189040343,10,50,49,-19.5,0,1
"462",0.00431407138365965,-11.1085811997471,9.9206189040343,10,50,49,-18.5,0,1
"463",0.00431407138365965,-11.1085811997471,9.9206189040343,10,50,49,4.5,1,1
"464",0.00431407138365965,-11.1085811997471,9.9206189040343,10,50,49,-18.5,0,1
"465",0.00431407138365965,-11.1085811997471,9.9206189040343,10,50,49,4.5,1,1
"466",0.00431407138365965,-11.1085811997471,9.9206189040343,10,50,49,-18.5,0,1
"467",0.00431407138365965,-11.1085811997471,9.9206189040343,10,50,49,3.5,1,1
"468",0.00431407138365965,-11.1085811997471,9.9206189040343,10,50,49,-18.5,0,1
"469",0.00431407138365965,-11.1085811997471,9.9206189040343,10,50,49,3.5,1,1
"470",0.00431407138365965,-11.1085811997471,9.9206189040343,10,50,49,2.5,1,1
"471",0.00431407138365965,-11.1085811997471,9.9206189040343,10,50,49,-17.5,1,1
"472",0.00431407138365965,-11.1085811997471,9.9206189040343,10,50,49,-22.5,0,1
"473",0.00431407138365965,-11.1085811997471,9.9206189040343,10,50,49,-22.5,0,1
"474",0.00431407138365965,-11.1085811997471,9.9206189040343,10,50,49,2.5,1,1
"475",0.00431407138365965,-11.1085811997471,9.9206189040343,10,50,49,-21.5,1,1
"476",0.00431407138365965,-11.1085811997471,9.9206189040343,10,50,49,-25.5,0,1
"477",0.00431407138365965,-11.1085811997471,9.9206189040343,10,50,49,2.5,1,1
"478",0.00431407138365965,-11.1085811997471,9.9206189040343,10,50,49,-24.5,1,1
"479",0.00431407138365965,-11.1085811997471,9.9206189040343,10,50,49,-27.5,0,1
"480",0.00431407138365965,-11.1085811997471,9.9206189040343,10,50,49,-27.5,0,1
"481",0.00431407138365965,-11.1085811997471,9.9206189040343,10,50,49,1.5,1,1
"482",0.00431407138365965,-11.1085811997471,9.9206189040343,10,50,49,-27.5,0,1
"483",0.00431407138365965,-11.1085811997471,9.9206189040343,10,50,49,1.5,1,1
"484",0.00431407138365965,-11.1085811997471,9.9206189040343,10,50,49,-26.5,0,1
"485",0.00431407138365965,-11.1085811997471,9.9206189040343,10,50,49,0.5,1,1
"486",0.00431407138365965,-11.1085811997471,9.9206189040343,10,50,49,-26.5,0,1
"487",0.00431407138365965,-11.1085811997471,9.9206189040343,10,50,49,0.5,1,1
"488",0.00431407138365965,-11.1085811997471,9.9206189040343,10,50,49,-0.5,1,1
"489",0.00431407138365965,-11.1085811997471,9.9206189040343,10,50,49,-25.5,1,1
"490",0.00431407138365965,-11.1085811997471,9.9206189040343,10,50,49,-28.5,0,1
"491",0.00431407138365965,-11.1085811997471,9.9206189040343,10,50,49,-28.5,0,1
"492",0.00431407138365965,-11.1085811997471,9.9206189040343,10,50,49,-0.5,0,1
"493",0.00431407138365965,-11.1085811997471,9.9206189040343,10,50,49,-28.5,1,1
"494",0.00431407138365965,-11.1085811997471,9.9206189040343,10,50,49,-30.5,0,1
"495",0.00431407138365965,-11.1085811997471,9.9206189040343,10,50,49,3.5,1,1
"496",0.00431407138365965,-11.1085811997471,9.9206189040343,10,50,49,-30.5,0,1
"497",0.00431407138365965,-11.1085811997471,9.9206189040343,10,50,49,2.5,1,1
"498",0.00431407138365965,-11.1085811997471,9.9206189040343,10,50,49,-30.5,0,1
"499",0.00431407138365965,-11.1085811997471,9.9206189040343,10,50,49,2.5,1,1
"500",0.00431407138365965,-11.1085811997471,9.9206189040343,10,50,49,-29.5,0,1
"501",0.00286453867980953,-13.7596735952481,11.2492848885761,11,50,49,-0.5,1,1
"502",0.00286453867980953,-13.7596735952481,11.2492848885761,11,50,49,-23.5,0,1
"503",0.00286453867980953,-13.7596735952481,11.2492848885761,11,50,49,-11.5,1,1
"504",0.00286453867980953,-13.7596735952481,11.2492848885761,11,50,49,-19.5,0,1
"505",0.00286453867980953,-13.7596735952481,11.2492848885761,11,50,49,-14.5,1,1
"506",0.00286453867980953,-13.7596735952481,11.2492848885761,11,50,49,-21.5,0,1
"507",0.00286453867980953,-13.7596735952481,11.2492848885761,11,50,49,-13.5,1,1
"508",0.00286453867980953,-13.7596735952481,11.2492848885761,11,50,49,-17.5,0,1
"509",0.00286453867980953,-13.7596735952481,11.2492848885761,11,50,49,-12.5,1,1
"510",0.00286453867980953,-13.7596735952481,11.2492848885761,11,50,49,-18.5,0,1
"511",0.00286453867980953,-13.7596735952481,11.2492848885761,11,50,49,-15.5,1,1
"512",0.00286453867980953,-13.7596735952481,11.2492848885761,11,50,49,-18.5,0,1
"513",0.00286453867980953,-13.7596735952481,11.2492848885761,11,50,49,-16.5,1,1
"514",0.00286453867980953,-13.7596735952481,11.2492848885761,11,50,49,-15.5,0,1
"515",0.00286453867980953,-13.7596735952481,11.2492848885761,11,50,49,-12.5,0,1
"516",0.00286453867980953,-13.7596735952481,11.2492848885761,11,50,49,-7.5,1,1
"517",0.00286453867980953,-13.7596735952481,11.2492848885761,11,50,49,-7.5,1,1
"518",0.00286453867980953,-13.7596735952481,11.2492848885761,11,50,49,-22.5,1,1
"519",0.00286453867980953,-13.7596735952481,11.2492848885761,11,50,49,-27.5,0,1
"520",0.00286453867980953,-13.7596735952481,11.2492848885761,11,50,49,-27.5,0,1
"521",0.00286453867980953,-13.7596735952481,11.2492848885761,11,50,49,-6.5,1,1
"522",0.00286453867980953,-13.7596735952481,11.2492848885761,11,50,49,-26.5,0,1
"523",0.00286453867980953,-13.7596735952481,11.2492848885761,11,50,49,-6.5,1,1
"524",0.00286453867980953,-13.7596735952481,11.2492848885761,11,50,49,-25.5,0,1
"525",0.00286453867980953,-13.7596735952481,11.2492848885761,11,50,49,-7.5,1,1
"526",0.00286453867980953,-13.7596735952481,11.2492848885761,11,50,49,-24.5,0,1
"527",0.00286453867980953,-13.7596735952481,11.2492848885761,11,50,49,-8.5,1,1
"528",0.00286453867980953,-13.7596735952481,11.2492848885761,11,50,49,-23.5,0,1
"529",0.00286453867980953,-13.7596735952481,11.2492848885761,11,50,49,-22.5,0,1
"530",0.00286453867980953,-13.7596735952481,11.2492848885761,11,50,49,-10.5,0,1
"531",0.00286453867980953,-13.7596735952481,11.2492848885761,11,50,49,-6.5,1,1
"532",0.00286453867980953,-13.7596735952481,11.2492848885761,11,50,49,-7.5,1,1
"533",0.00286453867980953,-13.7596735952481,11.2492848885761,11,50,49,-22.5,0,1
"534",0.00286453867980953,-13.7596735952481,11.2492848885761,11,50,49,-8.5,1,1
"535",0.00286453867980953,-13.7596735952481,11.2492848885761,11,50,49,-22.5,0,1
"536",0.00286453867980953,-13.7596735952481,11.2492848885761,11,50,49,-8.5,1,1
"537",0.00286453867980953,-13.7596735952481,11.2492848885761,11,50,49,-21.5,1,1
"538",0.00286453867980953,-13.7596735952481,11.2492848885761,11,50,49,-24.5,0,1
"539",0.00286453867980953,-13.7596735952481,11.2492848885761,11,50,49,-8.5,1,1
"540",0.00286453867980953,-13.7596735952481,11.2492848885761,11,50,49,-23.5,1,1
"541",0.00286453867980953,-13.7596735952481,11.2492848885761,11,50,49,-26.5,0,1
"542",0.00286453867980953,-13.7596735952481,11.2492848885761,11,50,49,-8.5,1,1
"543",0.00286453867980953,-13.7596735952481,11.2492848885761,11,50,49,-25.5,0,1
"544",0.00286453867980953,-13.7596735952481,11.2492848885761,11,50,49,-8.5,1,1
"545",0.00286453867980953,-13.7596735952481,11.2492848885761,11,50,49,-24.5,0,1
"546",0.00286453867980953,-13.7596735952481,11.2492848885761,11,50,49,-9.5,0,1
"547",0.00286453867980953,-13.7596735952481,11.2492848885761,11,50,49,-7.5,1,1
"548",0.00286453867980953,-13.7596735952481,11.2492848885761,11,50,49,-25.5,0,1
"549",0.00286453867980953,-13.7596735952481,11.2492848885761,11,50,49,-7.5,0,1
"550",0.00286453867980953,-13.7596735952481,11.2492848885761,11,50,49,-5.5,1,1
"551",0.0283476116836258,-19.4519361756828,8.11412114049564,12,50,49,-0.5,1,1
"552",0.0283476116836258,-19.4519361756828,8.11412114049564,12,50,49,-23.5,1,1
"553",0.0283476116836258,-19.4519361756828,8.11412114049564,12,50,49,-34.5,0,1
"554",0.0283476116836258,-19.4519361756828,8.11412114049564,12,50,49,-28.5,0,1
"555",0.0283476116836258,-19.4519361756828,8.11412114049564,12,50,49,-19.5,0,1
"556",0.0283476116836258,-19.4519361756828,8.11412114049564,12,50,49,-11.5,1,1
"557",0.0283476116836258,-19.4519361756828,8.11412114049564,12,50,49,-14.5,1,1
"558",0.0283476116836258,-19.4519361756828,8.11412114049564,12,50,49,-29.5,1,1
"559",0.0283476116836258,-19.4519361756828,8.11412114049564,12,50,49,-35.5,0,1
"560",0.0283476116836258,-19.4519361756828,8.11412114049564,12,50,49,-35.5,0,1
"561",0.0283476116836258,-19.4519361756828,8.11412114049564,12,50,49,-14.5,0,1
"562",0.0283476116836258,-19.4519361756828,8.11412114049564,12,50,49,-9.5,0,1
"563",0.0283476116836258,-19.4519361756828,8.11412114049564,12,50,49,-5.5,1,1
"564",0.0283476116836258,-19.4519361756828,8.11412114049564,12,50,49,-6.5,0,1
"565",0.0283476116836258,-19.4519361756828,8.11412114049564,12,50,49,-3.5,1,1
"566",0.0283476116836258,-19.4519361756828,8.11412114049564,12,50,49,-4.5,1,1
"567",0.0283476116836258,-19.4519361756828,8.11412114049564,12,50,49,-28.5,1,1
"568",0.0283476116836258,-19.4519361756828,8.11412114049564,12,50,49,-31.5,0,1
"569",0.0283476116836258,-19.4519361756828,8.11412114049564,12,50,49,-30.5,0,1
"570",0.0283476116836258,-19.4519361756828,8.11412114049564,12,50,49,-4.5,1,1
"571",0.0283476116836258,-19.4519361756828,8.11412114049564,12,50,49,-32.5,0,1
"572",0.0283476116836258,-19.4519361756828,8.11412114049564,12,50,49,-4.5,1,1
"573",0.0283476116836258,-19.4519361756828,8.11412114049564,12,50,49,-32.5,0,1
"574",0.0283476116836258,-19.4519361756828,8.11412114049564,12,50,49,-3.5,1,1
"575",0.0283476116836258,-19.4519361756828,8.11412114049564,12,50,49,-33.5,0,1
"576",0.0283476116836258,-19.4519361756828,8.11412114049564,12,50,49,-3.5,1,1
"577",0.0283476116836258,-19.4519361756828,8.11412114049564,12,50,49,-33.5,0,1
"578",0.0283476116836258,-19.4519361756828,8.11412114049564,12,50,49,-3.5,1,1
"579",0.0283476116836258,-19.4519361756828,8.11412114049564,12,50,49,-33.5,0,1
"580",0.0283476116836258,-19.4519361756828,8.11412114049564,12,50,49,-3.5,1,1
"581",0.0283476116836258,-19.4519361756828,8.11412114049564,12,50,49,-32.5,0,1
"582",0.0283476116836258,-19.4519361756828,8.11412114049564,12,50,49,-4.5,1,1
"583",0.0283476116836258,-19.4519361756828,8.11412114049564,12,50,49,-32.5,0,1
"584",0.0283476116836258,-19.4519361756828,8.11412114049564,12,50,49,-4.5,1,1
"585",0.0283476116836258,-19.4519361756828,8.11412114049564,12,50,49,-31.5,0,1
"586",0.0283476116836258,-19.4519361756828,8.11412114049564,12,50,49,-5.5,1,1
"587",0.0283476116836258,-19.4519361756828,8.11412114049564,12,50,49,-31.5,0,1
"588",0.0283476116836258,-19.4519361756828,8.11412114049564,12,50,49,-5.5,1,1
"589",0.0283476116836258,-19.4519361756828,8.11412114049564,12,50,49,-30.5,0,1
"590",0.0283476116836258,-19.4519361756828,8.11412114049564,12,50,49,-6.5,1,1
"591",0.0283476116836258,-19.4519361756828,8.11412114049564,12,50,49,-30.5,0,1
"592",0.0283476116836258,-19.4519361756828,8.11412114049564,12,50,49,-7.5,1,1
"593",0.0283476116836258,-19.4519361756828,8.11412114049564,12,50,49,-7.5,1,1
"594",0.0283476116836258,-19.4519361756828,8.11412114049564,12,50,49,-29.5,0,1
"595",0.0283476116836258,-19.4519361756828,8.11412114049564,12,50,49,-8.5,1,1
"596",0.0283476116836258,-19.4519361756828,8.11412114049564,12,50,49,-28.5,1,1
"597",0.0283476116836258,-19.4519361756828,8.11412114049564,12,50,49,-8.5,1,1
"598",0.0283476116836258,-19.4519361756828,8.11412114049564,12,50,49,-31.5,0,1
"599",0.0283476116836258,-19.4519361756828,8.11412114049564,12,50,49,-9.5,1,1
"600",0.0283476116836258,-19.4519361756828,8.11412114049564,12,50,49,-31.5,0,1
"601",0.00150904500112916,0.606976053476648,7.55097486312832,13,50,49,-0.5,1,1
"602",0.00150904500112916,0.606976053476648,7.55097486312832,13,50,49,-23.5,0,1
"603",0.00150904500112916,0.606976053476648,7.55097486312832,13,50,49,-11.5,0,1
"604",0.00150904500112916,0.606976053476648,7.55097486312832,13,50,49,0.5,1,1
"605",0.00150904500112916,0.606976053476648,7.55097486312832,13,50,49,-7.5,0,1
"606",0.00150904500112916,0.606976053476648,7.55097486312832,13,50,49,-3.5,0,1
"607",0.00150904500112916,0.606976053476648,7.55097486312832,13,50,49,3.5,1,1
"608",0.00150904500112916,0.606976053476648,7.55097486312832,13,50,49,2.5,0,1
"609",0.00150904500112916,0.606976053476648,7.55097486312832,13,50,49,9.5,1,1
"610",0.00150904500112916,0.606976053476648,7.55097486312832,13,50,49,8.5,1,1
"611",0.00150904500112916,0.606976053476648,7.55097486312832,13,50,49,-8.5,0,1
"612",0.00150904500112916,0.606976053476648,7.55097486312832,13,50,49,7.5,1,1
"613",0.00150904500112916,0.606976053476648,7.55097486312832,13,50,49,-7.5,0,1
"614",0.00150904500112916,0.606976053476648,7.55097486312832,13,50,49,6.5,1,1
"615",0.00150904500112916,0.606976053476648,7.55097486312832,13,50,49,-6.5,1,1
"616",0.00150904500112916,0.606976053476648,7.55097486312832,13,50,49,-12.5,0,1
"617",0.00150904500112916,0.606976053476648,7.55097486312832,13,50,49,-11.5,0,1
"618",0.00150904500112916,0.606976053476648,7.55097486312832,13,50,49,6.5,1,1
"619",0.00150904500112916,0.606976053476648,7.55097486312832,13,50,49,-10.5,0,1
"620",0.00150904500112916,0.606976053476648,7.55097486312832,13,50,49,5.5,1,1
"621",0.00150904500112916,0.606976053476648,7.55097486312832,13,50,49,-9.5,0,1
"622",0.00150904500112916,0.606976053476648,7.55097486312832,13,50,49,4.5,1,1
"623",0.00150904500112916,0.606976053476648,7.55097486312832,13,50,49,-8.5,0,1
"624",0.00150904500112916,0.606976053476648,7.55097486312832,13,50,49,2.5,0,1
"625",0.00150904500112916,0.606976053476648,7.55097486312832,13,50,49,6.5,1,1
"626",0.00150904500112916,0.606976053476648,7.55097486312832,13,50,49,-7.5,0,1
"627",0.00150904500112916,0.606976053476648,7.55097486312832,13,50,49,6.5,1,1
"628",0.00150904500112916,0.606976053476648,7.55097486312832,13,50,49,-6.5,0,1
"629",0.00150904500112916,0.606976053476648,7.55097486312832,13,50,49,-5.5,0,1
"630",0.00150904500112916,0.606976053476648,7.55097486312832,13,50,49,5.5,0,1
"631",0.00150904500112916,0.606976053476648,7.55097486312832,13,50,49,8.5,1,1
"632",0.00150904500112916,0.606976053476648,7.55097486312832,13,50,49,7.5,1,1
"633",0.00150904500112916,0.606976053476648,7.55097486312832,13,50,49,-6.5,0,1
"634",0.00150904500112916,0.606976053476648,7.55097486312832,13,50,49,-5.5,1,1
"635",0.00150904500112916,0.606976053476648,7.55097486312832,13,50,49,7.5,1,1
"636",0.00150904500112916,0.606976053476648,7.55097486312832,13,50,49,-8.5,0,1
"637",0.00150904500112916,0.606976053476648,7.55097486312832,13,50,49,6.5,1,1
"638",0.00150904500112916,0.606976053476648,7.55097486312832,13,50,49,-7.5,0,1
"639",0.00150904500112916,0.606976053476648,7.55097486312832,13,50,49,6.5,0,1
"640",0.00150904500112916,0.606976053476648,7.55097486312832,13,50,49,8.5,1,1
"641",0.00150904500112916,0.606976053476648,7.55097486312832,13,50,49,-8.5,0,1
"642",0.00150904500112916,0.606976053476648,7.55097486312832,13,50,49,8.5,0,1
"643",0.00150904500112916,0.606976053476648,7.55097486312832,13,50,49,10.5,1,1
"644",0.00150904500112916,0.606976053476648,7.55097486312832,13,50,49,10.5,1,1
"645",0.00150904500112916,0.606976053476648,7.55097486312832,13,50,49,-8.5,0,1
"646",0.00150904500112916,0.606976053476648,7.55097486312832,13,50,49,9.5,1,1
"647",0.00150904500112916,0.606976053476648,7.55097486312832,13,50,49,-7.5,0,1
"648",0.00150904500112916,0.606976053476648,7.55097486312832,13,50,49,-7.5,0,1
"649",0.00150904500112916,0.606976053476648,7.55097486312832,13,50,49,8.5,1,1
"650",0.00150904500112916,0.606976053476648,7.55097486312832,13,50,49,-6.5,0,1
"651",0.127603181693819,-12.5638779230388,10.924753289981,14,50,49,-0.5,0,1
"652",0.127603181693819,-12.5638779230388,10.924753289981,14,50,49,22.5,1,1
"653",0.127603181693819,-12.5638779230388,10.924753289981,14,50,49,10.5,1,1
"654",0.127603181693819,-12.5638779230388,10.924753289981,14,50,49,-1.5,1,1
"655",0.127603181693819,-12.5638779230388,10.924753289981,14,50,49,-13.5,1,1
"656",0.127603181693819,-12.5638779230388,10.924753289981,14,50,49,-23.5,0,1
"657",0.127603181693819,-12.5638779230388,10.924753289981,14,50,49,-15.5,0,1
"658",0.127603181693819,-12.5638779230388,10.924753289981,14,50,49,-10.5,1,1
"659",0.127603181693819,-12.5638779230388,10.924753289981,14,50,49,-20.5,1,1
"660",0.127603181693819,-12.5638779230388,10.924753289981,14,50,49,-25.5,1,1
"661",0.127603181693819,-12.5638779230388,10.924753289981,14,50,49,-29.5,0,1
"662",0.127603181693819,-12.5638779230388,10.924753289981,14,50,49,-28.5,0,1
"663",0.127603181693819,-12.5638779230388,10.924753289981,14,50,49,-26.5,0,1
"664",0.127603181693819,-12.5638779230388,10.924753289981,14,50,49,-8.5,1,1
"665",0.127603181693819,-12.5638779230388,10.924753289981,14,50,49,-29.5,1,1
"666",0.127603181693819,-12.5638779230388,10.924753289981,14,50,49,-31.5,0,1
"667",0.127603181693819,-12.5638779230388,10.924753289981,14,50,49,-10.5,1,1
"668",0.127603181693819,-12.5638779230388,10.924753289981,14,50,49,-33.5,0,1
"669",0.127603181693819,-12.5638779230388,10.924753289981,14,50,49,-9.5,1,1
"670",0.127603181693819,-12.5638779230388,10.924753289981,14,50,49,-34.5,0,1
"671",0.127603181693819,-12.5638779230388,10.924753289981,14,50,49,-8.5,1,1
"672",0.127603181693819,-12.5638779230388,10.924753289981,14,50,49,-34.5,0,1
"673",0.127603181693819,-12.5638779230388,10.924753289981,14,50,49,-8.5,0,1
"674",0.127603181693819,-12.5638779230388,10.924753289981,14,50,49,-4.5,0,1
"675",0.127603181693819,-12.5638779230388,10.924753289981,14,50,49,-2.5,0,1
"676",0.127603181693819,-12.5638779230388,10.924753289981,14,50,49,-1.5,1,1
"677",0.127603181693819,-12.5638779230388,10.924753289981,14,50,49,-1.5,1,1
"678",0.127603181693819,-12.5638779230388,10.924753289981,14,50,49,-29.5,0,1
"679",0.127603181693819,-12.5638779230388,10.924753289981,14,50,49,-0.5,1,1
"680",0.127603181693819,-12.5638779230388,10.924753289981,14,50,49,-30.5,0,1
"681",0.127603181693819,-12.5638779230388,10.924753289981,14,50,49,0.5,1,1
"682",0.127603181693819,-12.5638779230388,10.924753289981,14,50,49,-31.5,1,1
"683",0.127603181693819,-12.5638779230388,10.924753289981,14,50,49,-32.5,0,1
"684",0.127603181693819,-12.5638779230388,10.924753289981,14,50,49,-32.5,0,1
"685",0.127603181693819,-12.5638779230388,10.924753289981,14,50,49,-0.5,1,1
"686",0.127603181693819,-12.5638779230388,10.924753289981,14,50,49,-32.5,0,1
"687",0.127603181693819,-12.5638779230388,10.924753289981,14,50,49,0.5,1,1
"688",0.127603181693819,-12.5638779230388,10.924753289981,14,50,49,-33.5,0,1
"689",0.127603181693819,-12.5638779230388,10.924753289981,14,50,49,0.5,1,1
"690",0.127603181693819,-12.5638779230388,10.924753289981,14,50,49,-33.5,0,1
"691",0.127603181693819,-12.5638779230388,10.924753289981,14,50,49,0.5,1,1
"692",0.127603181693819,-12.5638779230388,10.924753289981,14,50,49,-33.5,0,1
"693",0.127603181693819,-12.5638779230388,10.924753289981,14,50,49,0.5,1,1
"694",0.127603181693819,-12.5638779230388,10.924753289981,14,50,49,-33.5,0,1
"695",0.127603181693819,-12.5638779230388,10.924753289981,14,50,49,0.5,0,1
"696",0.127603181693819,-12.5638779230388,10.924753289981,14,50,49,2.5,1,1
"697",0.127603181693819,-12.5638779230388,10.924753289981,14,50,49,-32.5,0,1
"698",0.127603181693819,-12.5638779230388,10.924753289981,14,50,49,2.5,1,1
"699",0.127603181693819,-12.5638779230388,10.924753289981,14,50,49,-32.5,0,1
"700",0.127603181693819,-12.5638779230388,10.924753289981,14,50,49,2.5,1,1
"701",0.012477033861682,-27.8751385983751,7.46735462290185,15,50,49,-0.5,1,1
"702",0.012477033861682,-27.8751385983751,7.46735462290185,15,50,49,-23.5,1,1
"703",0.012477033861682,-27.8751385983751,7.46735462290185,15,50,49,-34.5,0,1
"704",0.012477033861682,-27.8751385983751,7.46735462290185,15,50,49,-28.5,1,1
"705",0.012477033861682,-27.8751385983751,7.46735462290185,15,50,49,-36.5,0,1
"706",0.012477033861682,-27.8751385983751,7.46735462290185,15,50,49,-27.5,1,1
"707",0.012477033861682,-27.8751385983751,7.46735462290185,15,50,49,-35.5,0,1
"708",0.012477033861682,-27.8751385983751,7.46735462290185,15,50,49,-31.5,1,1
"709",0.012477033861682,-27.8751385983751,7.46735462290185,15,50,49,-36.5,0,1
"710",0.012477033861682,-27.8751385983751,7.46735462290185,15,50,49,-30.5,0,1
"711",0.012477033861682,-27.8751385983751,7.46735462290185,15,50,49,-24.5,0,1
"712",0.012477033861682,-27.8751385983751,7.46735462290185,15,50,49,-18.5,1,1
"713",0.012477033861682,-27.8751385983751,7.46735462290185,15,50,49,-19.5,1,1
"714",0.012477033861682,-27.8751385983751,7.46735462290185,15,50,49,-38.5,0,1
"715",0.012477033861682,-27.8751385983751,7.46735462290185,15,50,49,-19.5,1,1
"716",0.012477033861682,-27.8751385983751,7.46735462290185,15,50,49,-38.5,0,1
"717",0.012477033861682,-27.8751385983751,7.46735462290185,15,50,49,-20.5,1,1
"718",0.012477033861682,-27.8751385983751,7.46735462290185,15,50,49,-21.5,1,1
"719",0.012477033861682,-27.8751385983751,7.46735462290185,15,50,49,-37.5,0,1
"720",0.012477033861682,-27.8751385983751,7.46735462290185,15,50,49,-23.5,1,1
"721",0.012477033861682,-27.8751385983751,7.46735462290185,15,50,49,-35.5,0,1
"722",0.012477033861682,-27.8751385983751,7.46735462290185,15,50,49,-25.5,1,1
"723",0.012477033861682,-27.8751385983751,7.46735462290185,15,50,49,-27.5,1,1
"724",0.012477033861682,-27.8751385983751,7.46735462290185,15,50,49,-27.5,0,1
"725",0.012477033861682,-27.8751385983751,7.46735462290185,15,50,49,-35.5,0,1
"726",0.012477033861682,-27.8751385983751,7.46735462290185,15,50,49,-34.5,0,1
"727",0.012477033861682,-27.8751385983751,7.46735462290185,15,50,49,-23.5,1,1
"728",0.012477033861682,-27.8751385983751,7.46735462290185,15,50,49,-34.5,0,1
"729",0.012477033861682,-27.8751385983751,7.46735462290185,15,50,49,-24.5,1,1
"730",0.012477033861682,-27.8751385983751,7.46735462290185,15,50,49,-33.5,0,1
"731",0.012477033861682,-27.8751385983751,7.46735462290185,15,50,49,-25.5,1,1
"732",0.012477033861682,-27.8751385983751,7.46735462290185,15,50,49,-32.5,0,1
"733",0.012477033861682,-27.8751385983751,7.46735462290185,15,50,49,-25.5,0,1
"734",0.012477033861682,-27.8751385983751,7.46735462290185,15,50,49,-23.5,0,1
"735",0.012477033861682,-27.8751385983751,7.46735462290185,15,50,49,-21.5,1,1
"736",0.012477033861682,-27.8751385983751,7.46735462290185,15,50,49,-33.5,1,1
"737",0.012477033861682,-27.8751385983751,7.46735462290185,15,50,49,-20.5,1,1
"738",0.012477033861682,-27.8751385983751,7.46735462290185,15,50,49,-35.5,0,1
"739",0.012477033861682,-27.8751385983751,7.46735462290185,15,50,49,-21.5,0,1
"740",0.012477033861682,-27.8751385983751,7.46735462290185,15,50,49,-18.5,1,1
"741",0.012477033861682,-27.8751385983751,7.46735462290185,15,50,49,-19.5,0,1
"742",0.012477033861682,-27.8751385983751,7.46735462290185,15,50,49,-16.5,1,1
"743",0.012477033861682,-27.8751385983751,7.46735462290185,15,50,49,-16.5,1,1
"744",0.012477033861682,-27.8751385983751,7.46735462290185,15,50,49,-37.5,0,1
"745",0.012477033861682,-27.8751385983751,7.46735462290185,15,50,49,-17.5,1,1
"746",0.012477033861682,-27.8751385983751,7.46735462290185,15,50,49,-36.5,0,1
"747",0.012477033861682,-27.8751385983751,7.46735462290185,15,50,49,-36.5,1,1
"748",0.012477033861682,-27.8751385983751,7.46735462290185,15,50,49,-39.5,0,1
"749",0.012477033861682,-27.8751385983751,7.46735462290185,15,50,49,-16.5,1,1
"750",0.012477033861682,-27.8751385983751,7.46735462290185,15,50,49,-38.5,0,1
"751",0.00025843922370762,-14.0299399398168,6.60577993291349,16,50,49,-0.5,1,1
"752",0.00025843922370762,-14.0299399398168,6.60577993291349,16,50,49,-23.5,0,1
"753",0.00025843922370762,-14.0299399398168,6.60577993291349,16,50,49,-11.5,1,1
"754",0.00025843922370762,-14.0299399398168,6.60577993291349,16,50,49,-19.5,0,1
"755",0.00025843922370762,-14.0299399398168,6.60577993291349,16,50,49,-14.5,1,1
"756",0.00025843922370762,-14.0299399398168,6.60577993291349,16,50,49,-21.5,0,1
"757",0.00025843922370762,-14.0299399398168,6.60577993291349,16,50,49,-13.5,0,1
"758",0.00025843922370762,-14.0299399398168,6.60577993291349,16,50,49,-6.5,1,1
"759",0.00025843922370762,-14.0299399398168,6.60577993291349,16,50,49,-7.5,1,1
"760",0.00025843922370762,-14.0299399398168,6.60577993291349,16,50,49,-21.5,0,1
"761",0.00025843922370762,-14.0299399398168,6.60577993291349,16,50,49,-8.5,0,1
"762",0.00025843922370762,-14.0299399398168,6.60577993291349,16,50,49,-2.5,1,1
"763",0.00025843922370762,-14.0299399398168,6.60577993291349,16,50,49,-21.5,0,1
"764",0.00025843922370762,-14.0299399398168,6.60577993291349,16,50,49,-3.5,1,1
"765",0.00025843922370762,-14.0299399398168,6.60577993291349,16,50,49,-20.5,0,1
"766",0.00025843922370762,-14.0299399398168,6.60577993291349,16,50,49,-4.5,1,1
"767",0.00025843922370762,-14.0299399398168,6.60577993291349,16,50,49,-19.5,0,1
"768",0.00025843922370762,-14.0299399398168,6.60577993291349,16,50,49,-5.5,1,1
"769",0.00025843922370762,-14.0299399398168,6.60577993291349,16,50,49,-18.5,0,1
"770",0.00025843922370762,-14.0299399398168,6.60577993291349,16,50,49,-6.5,1,1
"771",0.00025843922370762,-14.0299399398168,6.60577993291349,16,50,49,-16.5,0,1
"772",0.00025843922370762,-14.0299399398168,6.60577993291349,16,50,49,-8.5,1,1
"773",0.00025843922370762,-14.0299399398168,6.60577993291349,16,50,49,-11.5,1,1
"774",0.00025843922370762,-14.0299399398168,6.60577993291349,16,50,49,-16.5,1,1
"775",0.00025843922370762,-14.0299399398168,6.60577993291349,16,50,49,-20.5,0,1
"776",0.00025843922370762,-14.0299399398168,6.60577993291349,16,50,49,-9.5,0,1
"777",0.00025843922370762,-14.0299399398168,6.60577993291349,16,50,49,-5.5,1,1
"778",0.00025843922370762,-14.0299399398168,6.60577993291349,16,50,49,-19.5,0,1
"779",0.00025843922370762,-14.0299399398168,6.60577993291349,16,50,49,-6.5,1,1
"780",0.00025843922370762,-14.0299399398168,6.60577993291349,16,50,49,-19.5,1,1
"781",0.00025843922370762,-14.0299399398168,6.60577993291349,16,50,49,-22.5,0,1
"782",0.00025843922370762,-14.0299399398168,6.60577993291349,16,50,49,-21.5,0,1
"783",0.00025843922370762,-14.0299399398168,6.60577993291349,16,50,49,-6.5,1,1
"784",0.00025843922370762,-14.0299399398168,6.60577993291349,16,50,49,-21.5,0,1
"785",0.00025843922370762,-14.0299399398168,6.60577993291349,16,50,49,-6.5,0,1
"786",0.00025843922370762,-14.0299399398168,6.60577993291349,16,50,49,-3.5,1,1
"787",0.00025843922370762,-14.0299399398168,6.60577993291349,16,50,49,-21.5,0,1
"788",0.00025843922370762,-14.0299399398168,6.60577993291349,16,50,49,-4.5,1,1
"789",0.00025843922370762,-14.0299399398168,6.60577993291349,16,50,49,-20.5,0,1
"790",0.00025843922370762,-14.0299399398168,6.60577993291349,16,50,49,-5.5,1,1
"791",0.00025843922370762,-14.0299399398168,6.60577993291349,16,50,49,-20.5,0,1
"792",0.00025843922370762,-14.0299399398168,6.60577993291349,16,50,49,-6.5,1,1
"793",0.00025843922370762,-14.0299399398168,6.60577993291349,16,50,49,-19.5,0,1
"794",0.00025843922370762,-14.0299399398168,6.60577993291349,16,50,49,-6.5,1,1
"795",0.00025843922370762,-14.0299399398168,6.60577993291349,16,50,49,-18.5,0,1
"796",0.00025843922370762,-14.0299399398168,6.60577993291349,16,50,49,-7.5,1,1
"797",0.00025843922370762,-14.0299399398168,6.60577993291349,16,50,49,-18.5,1,1
"798",0.00025843922370762,-14.0299399398168,6.60577993291349,16,50,49,-6.5,1,1
"799",0.00025843922370762,-14.0299399398168,6.60577993291349,16,50,49,-20.5,0,1
"800",0.00025843922370762,-14.0299399398168,6.60577993291349,16,50,49,-7.5,0,1
"801",0.00106239024500276,-0.142355118818514,9.94548419052524,17,50,49,-0.5,1,1
"802",0.00106239024500276,-0.142355118818514,9.94548419052524,17,50,49,-23.5,0,1
"803",0.00106239024500276,-0.142355118818514,9.94548419052524,17,50,49,-11.5,0,1
"804",0.00106239024500276,-0.142355118818514,9.94548419052524,17,50,49,0.5,1,1
"805",0.00106239024500276,-0.142355118818514,9.94548419052524,17,50,49,-7.5,0,1
"806",0.00106239024500276,-0.142355118818514,9.94548419052524,17,50,49,-3.5,0,1
"807",0.00106239024500276,-0.142355118818514,9.94548419052524,17,50,49,3.5,1,1
"808",0.00106239024500276,-0.142355118818514,9.94548419052524,17,50,49,2.5,1,1
"809",0.00106239024500276,-0.142355118818514,9.94548419052524,17,50,49,-5.5,0,1
"810",0.00106239024500276,-0.142355118818514,9.94548419052524,17,50,49,-4.5,0,1
"811",0.00106239024500276,-0.142355118818514,9.94548419052524,17,50,49,0.5,0,1
"812",0.00106239024500276,-0.142355118818514,9.94548419052524,17,50,49,5.5,1,1
"813",0.00106239024500276,-0.142355118818514,9.94548419052524,17,50,49,5.5,0,1
"814",0.00106239024500276,-0.142355118818514,9.94548419052524,17,50,49,11.5,1,1
"815",0.00106239024500276,-0.142355118818514,9.94548419052524,17,50,49,10.5,1,1
"816",0.00106239024500276,-0.142355118818514,9.94548419052524,17,50,49,9.5,1,1
"817",0.00106239024500276,-0.142355118818514,9.94548419052524,17,50,49,-8.5,1,1
"818",0.00106239024500276,-0.142355118818514,9.94548419052524,17,50,49,-13.5,1,1
"819",0.00106239024500276,-0.142355118818514,9.94548419052524,17,50,49,-17.5,1,1
"820",0.00106239024500276,-0.142355118818514,9.94548419052524,17,50,49,-20.5,0,1
"821",0.00106239024500276,-0.142355118818514,9.94548419052524,17,50,49,-20.5,0,1
"822",0.00106239024500276,-0.142355118818514,9.94548419052524,17,50,49,-19.5,0,1
"823",0.00106239024500276,-0.142355118818514,9.94548419052524,17,50,49,-19.5,0,1
"824",0.00106239024500276,-0.142355118818514,9.94548419052524,17,50,49,10.5,1,1
"825",0.00106239024500276,-0.142355118818514,9.94548419052524,17,50,49,-19.5,0,1
"826",0.00106239024500276,-0.142355118818514,9.94548419052524,17,50,49,10.5,0,1
"827",0.00106239024500276,-0.142355118818514,9.94548419052524,17,50,49,12.5,1,1
"828",0.00106239024500276,-0.142355118818514,9.94548419052524,17,50,49,12.5,1,1
"829",0.00106239024500276,-0.142355118818514,9.94548419052524,17,50,49,-19.5,0,1
"830",0.00106239024500276,-0.142355118818514,9.94548419052524,17,50,49,12.5,1,1
"831",0.00106239024500276,-0.142355118818514,9.94548419052524,17,50,49,-19.5,0,1
"832",0.00106239024500276,-0.142355118818514,9.94548419052524,17,50,49,12.5,1,1
"833",0.00106239024500276,-0.142355118818514,9.94548419052524,17,50,49,-18.5,0,1
"834",0.00106239024500276,-0.142355118818514,9.94548419052524,17,50,49,12.5,1,1
"835",0.00106239024500276,-0.142355118818514,9.94548419052524,17,50,49,-18.5,0,1
"836",0.00106239024500276,-0.142355118818514,9.94548419052524,17,50,49,12.5,1,1
"837",0.00106239024500276,-0.142355118818514,9.94548419052524,17,50,49,-18.5,0,1
"838",0.00106239024500276,-0.142355118818514,9.94548419052524,17,50,49,11.5,1,1
"839",0.00106239024500276,-0.142355118818514,9.94548419052524,17,50,49,-17.5,0,1
"840",0.00106239024500276,-0.142355118818514,9.94548419052524,17,50,49,11.5,1,1
"841",0.00106239024500276,-0.142355118818514,9.94548419052524,17,50,49,-17.5,0,1
"842",0.00106239024500276,-0.142355118818514,9.94548419052524,17,50,49,-16.5,0,1
"843",0.00106239024500276,-0.142355118818514,9.94548419052524,17,50,49,10.5,1,1
"844",0.00106239024500276,-0.142355118818514,9.94548419052524,17,50,49,-16.5,0,1
"845",0.00106239024500276,-0.142355118818514,9.94548419052524,17,50,49,10.5,1,1
"846",0.00106239024500276,-0.142355118818514,9.94548419052524,17,50,49,-15.5,0,1
"847",0.00106239024500276,-0.142355118818514,9.94548419052524,17,50,49,9.5,1,1
"848",0.00106239024500276,-0.142355118818514,9.94548419052524,17,50,49,-14.5,0,1
"849",0.00106239024500276,-0.142355118818514,9.94548419052524,17,50,49,9.5,1,1
"850",0.00106239024500276,-0.142355118818514,9.94548419052524,17,50,49,-13.5,0,1
"851",0.00334676346412653,-24.0015065722918,14.0990095113641,18,50,49,-0.5,1,1
"852",0.00334676346412653,-24.0015065722918,14.0990095113641,18,50,49,-23.5,1,1
"853",0.00334676346412653,-24.0015065722918,14.0990095113641,18,50,49,-34.5,0,1
"854",0.00334676346412653,-24.0015065722918,14.0990095113641,18,50,49,-28.5,0,1
"855",0.00334676346412653,-24.0015065722918,14.0990095113641,18,50,49,-19.5,1,1
"856",0.00334676346412653,-24.0015065722918,14.0990095113641,18,50,49,-30.5,1,1
"857",0.00334676346412653,-24.0015065722918,14.0990095113641,18,50,49,-37.5,0,1
"858",0.00334676346412653,-24.0015065722918,14.0990095113641,18,50,49,-36.5,0,1
"859",0.00334676346412653,-24.0015065722918,14.0990095113641,18,50,49,-21.5,0,1
"860",0.00334676346412653,-24.0015065722918,14.0990095113641,18,50,49,-14.5,1,1
"861",0.00334676346412653,-24.0015065722918,14.0990095113641,18,50,49,-15.5,1,1
"862",0.00334676346412653,-24.0015065722918,14.0990095113641,18,50,49,-36.5,0,1
"863",0.00334676346412653,-24.0015065722918,14.0990095113641,18,50,49,-16.5,1,1
"864",0.00334676346412653,-24.0015065722918,14.0990095113641,18,50,49,-35.5,0,1
"865",0.00334676346412653,-24.0015065722918,14.0990095113641,18,50,49,-16.5,1,1
"866",0.00334676346412653,-24.0015065722918,14.0990095113641,18,50,49,-34.5,0,1
"867",0.00334676346412653,-24.0015065722918,14.0990095113641,18,50,49,-17.5,1,1
"868",0.00334676346412653,-24.0015065722918,14.0990095113641,18,50,49,-33.5,0,1
"869",0.00334676346412653,-24.0015065722918,14.0990095113641,18,50,49,-18.5,1,1
"870",0.00334676346412653,-24.0015065722918,14.0990095113641,18,50,49,-26.5,1,1
"871",0.00334676346412653,-24.0015065722918,14.0990095113641,18,50,49,-34.5,1,1
"872",0.00334676346412653,-24.0015065722918,14.0990095113641,18,50,49,-39.5,0,1
"873",0.00334676346412653,-24.0015065722918,14.0990095113641,18,50,49,-38.5,1,1
"874",0.00334676346412653,-24.0015065722918,14.0990095113641,18,50,49,-42.5,0,1
"875",0.00334676346412653,-24.0015065722918,14.0990095113641,18,50,49,-42.5,0,1
"876",0.00334676346412653,-24.0015065722918,14.0990095113641,18,50,49,-18.5,1,1
"877",0.00334676346412653,-24.0015065722918,14.0990095113641,18,50,49,-41.5,0,1
"878",0.00334676346412653,-24.0015065722918,14.0990095113641,18,50,49,-18.5,0,1
"879",0.00334676346412653,-24.0015065722918,14.0990095113641,18,50,49,-14.5,0,1
"880",0.00334676346412653,-24.0015065722918,14.0990095113641,18,50,49,-11.5,1,1
"881",0.00334676346412653,-24.0015065722918,14.0990095113641,18,50,49,-11.5,0,1
"882",0.00334676346412653,-24.0015065722918,14.0990095113641,18,50,49,-9.5,1,1
"883",0.00334676346412653,-24.0015065722918,14.0990095113641,18,50,49,-9.5,1,1
"884",0.00334676346412653,-24.0015065722918,14.0990095113641,18,50,49,-42.5,0,1
"885",0.00334676346412653,-24.0015065722918,14.0990095113641,18,50,49,-9.5,1,1
"886",0.00334676346412653,-24.0015065722918,14.0990095113641,18,50,49,-41.5,0,1
"887",0.00334676346412653,-24.0015065722918,14.0990095113641,18,50,49,-9.5,1,1
"888",0.00334676346412653,-24.0015065722918,14.0990095113641,18,50,49,-41.5,0,1
"889",0.00334676346412653,-24.0015065722918,14.0990095113641,18,50,49,-10.5,1,1
"890",0.00334676346412653,-24.0015065722918,14.0990095113641,18,50,49,-41.5,0,1
"891",0.00334676346412653,-24.0015065722918,14.0990095113641,18,50,49,-10.5,1,1
"892",0.00334676346412653,-24.0015065722918,14.0990095113641,18,50,49,-40.5,0,1
"893",0.00334676346412653,-24.0015065722918,14.0990095113641,18,50,49,-11.5,0,1
"894",0.00334676346412653,-24.0015065722918,14.0990095113641,18,50,49,-8.5,1,1
"895",0.00334676346412653,-24.0015065722918,14.0990095113641,18,50,49,-40.5,0,1
"896",0.00334676346412653,-24.0015065722918,14.0990095113641,18,50,49,-8.5,1,1
"897",0.00334676346412653,-24.0015065722918,14.0990095113641,18,50,49,-40.5,0,1
"898",0.00334676346412653,-24.0015065722918,14.0990095113641,18,50,49,-9.5,1,1
"899",0.00334676346412653,-24.0015065722918,14.0990095113641,18,50,49,-39.5,0,1
"900",0.00334676346412653,-24.0015065722918,14.0990095113641,18,50,49,-9.5,1,1
"901",0.297270950967592,-5.91871803803373,9.8234970823566,19,50,49,-0.5,0,1
"902",0.297270950967592,-5.91871803803373,9.8234970823566,19,50,49,22.5,0,1
"903",0.297270950967592,-5.91871803803373,9.8234970823566,19,50,49,34.5,1,1
"904",0.297270950967592,-5.91871803803373,9.8234970823566,19,50,49,27.5,1,1
"905",0.297270950967592,-5.91871803803373,9.8234970823566,19,50,49,19.5,1,1
"906",0.297270950967592,-5.91871803803373,9.8234970823566,19,50,49,10.5,1,1
"907",0.297270950967592,-5.91871803803373,9.8234970823566,19,50,49,4.5,1,1
"908",0.297270950967592,-5.91871803803373,9.8234970823566,19,50,49,-4.5,1,1
"909",0.297270950967592,-5.91871803803373,9.8234970823566,19,50,49,-12.5,0,1
"910",0.297270950967592,-5.91871803803373,9.8234970823566,19,50,49,-6.5,0,1
"911",0.297270950967592,-5.91871803803373,9.8234970823566,19,50,49,5.5,1,1
"912",0.297270950967592,-5.91871803803373,9.8234970823566,19,50,49,4.5,0,1
"913",0.297270950967592,-5.91871803803373,9.8234970823566,19,50,49,-6.5,0,1
"914",0.297270950967592,-5.91871803803373,9.8234970823566,19,50,49,11.5,0,1
"915",0.297270950967592,-5.91871803803373,9.8234970823566,19,50,49,16.5,1,1
"916",0.297270950967592,-5.91871803803373,9.8234970823566,19,50,49,-5.5,0,1
"917",0.297270950967592,-5.91871803803373,9.8234970823566,19,50,49,18.5,1,1
"918",0.297270950967592,-5.91871803803373,9.8234970823566,19,50,49,-6.5,0,1
"919",0.297270950967592,-5.91871803803373,9.8234970823566,19,50,49,18.5,0,1
"920",0.297270950967592,-5.91871803803373,9.8234970823566,19,50,49,22.5,0,1
"921",0.297270950967592,-5.91871803803373,9.8234970823566,19,50,49,23.5,1,1
"922",0.297270950967592,-5.91871803803373,9.8234970823566,19,50,49,23.5,1,1
"923",0.297270950967592,-5.91871803803373,9.8234970823566,19,50,49,-2.5,0,1
"924",0.297270950967592,-5.91871803803373,9.8234970823566,19,50,49,24.5,0,1
"925",0.297270950967592,-5.91871803803373,9.8234970823566,19,50,49,26.5,1,1
"926",0.297270950967592,-5.91871803803373,9.8234970823566,19,50,49,25.5,1,1
"927",0.297270950967592,-5.91871803803373,9.8234970823566,19,50,49,-2.5,0,1
"928",0.297270950967592,-5.91871803803373,9.8234970823566,19,50,49,27.5,1,1
"929",0.297270950967592,-5.91871803803373,9.8234970823566,19,50,49,-3.5,1,1
"930",0.297270950967592,-5.91871803803373,9.8234970823566,19,50,49,-4.5,1,1
"931",0.297270950967592,-5.91871803803373,9.8234970823566,19,50,49,-4.5,1,1
"932",0.297270950967592,-5.91871803803373,9.8234970823566,19,50,49,-5.5,0,1
"933",0.297270950967592,-5.91871803803373,9.8234970823566,19,50,49,-5.5,0,1
"934",0.297270950967592,-5.91871803803373,9.8234970823566,19,50,49,-5.5,0,1
"935",0.297270950967592,-5.91871803803373,9.8234970823566,19,50,49,22.5,1,1
"936",0.297270950967592,-5.91871803803373,9.8234970823566,19,50,49,-6.5,0,1
"937",0.297270950967592,-5.91871803803373,9.8234970823566,19,50,49,23.5,1,1
"938",0.297270950967592,-5.91871803803373,9.8234970823566,19,50,49,-7.5,1,1
"939",0.297270950967592,-5.91871803803373,9.8234970823566,19,50,49,-8.5,0,1
"940",0.297270950967592,-5.91871803803373,9.8234970823566,19,50,49,-8.5,0,1
"941",0.297270950967592,-5.91871803803373,9.8234970823566,19,50,49,22.5,1,1
"942",0.297270950967592,-5.91871803803373,9.8234970823566,19,50,49,-9.5,0,1
"943",0.297270950967592,-5.91871803803373,9.8234970823566,19,50,49,23.5,0,1
"944",0.297270950967592,-5.91871803803373,9.8234970823566,19,50,49,24.5,1,1
"945",0.297270950967592,-5.91871803803373,9.8234970823566,19,50,49,24.5,1,1
"946",0.297270950967592,-5.91871803803373,9.8234970823566,19,50,49,-8.5,0,1
"947",0.297270950967592,-5.91871803803373,9.8234970823566,19,50,49,24.5,0,1
"948",0.297270950967592,-5.91871803803373,9.8234970823566,19,50,49,25.5,1,1
"949",0.297270950967592,-5.91871803803373,9.8234970823566,19,50,49,25.5,1,1
"950",0.297270950967592,-5.91871803803373,9.8234970823566,19,50,49,-7.5,1,1
"951",0.00150027000727097,-3.78374512519977,13.9297687140922,20,50,49,-0.5,1,1
"952",0.00150027000727097,-3.78374512519977,13.9297687140922,20,50,49,-23.5,0,1
"953",0.00150027000727097,-3.78374512519977,13.9297687140922,20,50,49,-11.5,1,1
"954",0.00150027000727097,-3.78374512519977,13.9297687140922,20,50,49,-19.5,0,1
"955",0.00150027000727097,-3.78374512519977,13.9297687140922,20,50,49,-14.5,0,1
"956",0.00150027000727097,-3.78374512519977,13.9297687140922,20,50,49,-6.5,0,1
"957",0.00150027000727097,-3.78374512519977,13.9297687140922,20,50,49,2.5,1,1
"958",0.00150027000727097,-3.78374512519977,13.9297687140922,20,50,49,0.5,0,1
"959",0.00150027000727097,-3.78374512519977,13.9297687140922,20,50,49,6.5,1,1
"960",0.00150027000727097,-3.78374512519977,13.9297687140922,20,50,49,5.5,1,1
"961",0.00150027000727097,-3.78374512519977,13.9297687140922,20,50,49,-14.5,0,1
"962",0.00150027000727097,-3.78374512519977,13.9297687140922,20,50,49,5.5,0,1
"963",0.00150027000727097,-3.78374512519977,13.9297687140922,20,50,49,10.5,1,1
"964",0.00150027000727097,-3.78374512519977,13.9297687140922,20,50,49,9.5,1,1
"965",0.00150027000727097,-3.78374512519977,13.9297687140922,20,50,49,-14.5,0,1
"966",0.00150027000727097,-3.78374512519977,13.9297687140922,20,50,49,9.5,1,1
"967",0.00150027000727097,-3.78374512519977,13.9297687140922,20,50,49,-13.5,0,1
"968",0.00150027000727097,-3.78374512519977,13.9297687140922,20,50,49,9.5,1,1
"969",0.00150027000727097,-3.78374512519977,13.9297687140922,20,50,49,-13.5,1,1
"970",0.00150027000727097,-3.78374512519977,13.9297687140922,20,50,49,-18.5,0,1
"971",0.00150027000727097,-3.78374512519977,13.9297687140922,20,50,49,-17.5,0,1
"972",0.00150027000727097,-3.78374512519977,13.9297687140922,20,50,49,8.5,1,1
"973",0.00150027000727097,-3.78374512519977,13.9297687140922,20,50,49,-17.5,0,1
"974",0.00150027000727097,-3.78374512519977,13.9297687140922,20,50,49,8.5,1,1
"975",0.00150027000727097,-3.78374512519977,13.9297687140922,20,50,49,-16.5,0,1
"976",0.00150027000727097,-3.78374512519977,13.9297687140922,20,50,49,7.5,1,1
"977",0.00150027000727097,-3.78374512519977,13.9297687140922,20,50,49,-16.5,1,1
"978",0.00150027000727097,-3.78374512519977,13.9297687140922,20,50,49,-20.5,0,1
"979",0.00150027000727097,-3.78374512519977,13.9297687140922,20,50,49,7.5,1,1
"980",0.00150027000727097,-3.78374512519977,13.9297687140922,20,50,49,-19.5,0,1
"981",0.00150027000727097,-3.78374512519977,13.9297687140922,20,50,49,6.5,1,1
"982",0.00150027000727097,-3.78374512519977,13.9297687140922,20,50,49,-19.5,0,1
"983",0.00150027000727097,-3.78374512519977,13.9297687140922,20,50,49,6.5,1,1
"984",0.00150027000727097,-3.78374512519977,13.9297687140922,20,50,49,5.5,1,1
"985",0.00150027000727097,-3.78374512519977,13.9297687140922,20,50,49,-18.5,0,1
"986",0.00150027000727097,-3.78374512519977,13.9297687140922,20,50,49,4.5,1,1
"987",0.00150027000727097,-3.78374512519977,13.9297687140922,20,50,49,-17.5,0,1
"988",0.00150027000727097,-3.78374512519977,13.9297687140922,20,50,49,3.5,0,1
"989",0.00150027000727097,-3.78374512519977,13.9297687140922,20,50,49,-17.5,0,1
"990",0.00150027000727097,-3.78374512519977,13.9297687140922,20,50,49,7.5,0,1
"991",0.00150027000727097,-3.78374512519977,13.9297687140922,20,50,49,10.5,0,1
"992",0.00150027000727097,-3.78374512519977,13.9297687140922,20,50,49,13.5,1,1
"993",0.00150027000727097,-3.78374512519977,13.9297687140922,20,50,49,12.5,1,1
"994",0.00150027000727097,-3.78374512519977,13.9297687140922,20,50,49,-18.5,0,1
"995",0.00150027000727097,-3.78374512519977,13.9297687140922,20,50,49,12.5,1,1
"996",0.00150027000727097,-3.78374512519977,13.9297687140922,20,50,49,-17.5,0,1
"997",0.00150027000727097,-3.78374512519977,13.9297687140922,20,50,49,11.5,1,1
"998",0.00150027000727097,-3.78374512519977,13.9297687140922,20,50,49,-16.5,1,1
"999",0.00150027000727097,-3.78374512519977,13.9297687140922,20,50,49,-19.5,0,1
"1000",0.00150027000727097,-3.78374512519977,13.9297687140922,20,50,49,11.5,1,1
"1001",0.00013156583296316,17.7309441938755,11.252459346475,1,50,49,-0.5,0,2
"1002",0.00013156583296316,17.7309441938755,11.252459346475,1,50,49,22.5,1,2
"1003",0.00013156583296316,17.7309441938755,11.252459346475,1,50,49,10.5,0,2
"1004",0.00013156583296316,17.7309441938755,11.252459346475,1,50,49,18.5,0,2
"1005",0.00013156583296316,17.7309441938755,11.252459346475,1,50,49,27.5,1,2
"1006",0.00013156583296316,17.7309441938755,11.252459346475,1,50,49,25.5,1,2
"1007",0.00013156583296316,17.7309441938755,11.252459346475,1,50,49,16.5,1,2
"1008",0.00013156583296316,17.7309441938755,11.252459346475,1,50,49,8.5,1,2
"1009",0.00013156583296316,17.7309441938755,11.252459346475,1,50,49,1.5,0,2
"1010",0.00013156583296316,17.7309441938755,11.252459346475,1,50,49,2.5,0,2
"1011",0.00013156583296316,17.7309441938755,11.252459346475,1,50,49,3.5,0,2
"1012",0.00013156583296316,17.7309441938755,11.252459346475,1,50,49,23.5,0,2
"1013",0.00013156583296316,17.7309441938755,11.252459346475,1,50,49,28.5,1,2
"1014",0.00013156583296316,17.7309441938755,11.252459346475,1,50,49,28.5,1,2
"1015",0.00013156583296316,17.7309441938755,11.252459346475,1,50,49,4.5,0,2
"1016",0.00013156583296316,17.7309441938755,11.252459346475,1,50,49,28.5,1,2
"1017",0.00013156583296316,17.7309441938755,11.252459346475,1,50,49,5.5,0,2
"1018",0.00013156583296316,17.7309441938755,11.252459346475,1,50,49,27.5,0,2
"1019",0.00013156583296316,17.7309441938755,11.252459346475,1,50,49,31.5,1,2
"1020",0.00013156583296316,17.7309441938755,11.252459346475,1,50,49,31.5,1,2
"1021",0.00013156583296316,17.7309441938755,11.252459346475,1,50,49,5.5,0,2
"1022",0.00013156583296316,17.7309441938755,11.252459346475,1,50,49,31.5,1,2
"1023",0.00013156583296316,17.7309441938755,11.252459346475,1,50,49,6.5,0,2
"1024",0.00013156583296316,17.7309441938755,11.252459346475,1,50,49,6.5,0,2
"1025",0.00013156583296316,17.7309441938755,11.252459346475,1,50,49,30.5,0,2
"1026",0.00013156583296316,17.7309441938755,11.252459346475,1,50,49,34.5,1,2
"1027",0.00013156583296316,17.7309441938755,11.252459346475,1,50,49,33.5,1,2
"1028",0.00013156583296316,17.7309441938755,11.252459346475,1,50,49,7.5,0,2
"1029",0.00013156583296316,17.7309441938755,11.252459346475,1,50,49,33.5,1,2
"1030",0.00013156583296316,17.7309441938755,11.252459346475,1,50,49,7.5,1,2
"1031",0.00013156583296316,17.7309441938755,11.252459346475,1,50,49,3.5,0,2
"1032",0.00013156583296316,17.7309441938755,11.252459346475,1,50,49,33.5,1,2
"1033",0.00013156583296316,17.7309441938755,11.252459346475,1,50,49,4.5,0,2
"1034",0.00013156583296316,17.7309441938755,11.252459346475,1,50,49,32.5,1,2
"1035",0.00013156583296316,17.7309441938755,11.252459346475,1,50,49,4.5,0,2
"1036",0.00013156583296316,17.7309441938755,11.252459346475,1,50,49,32.5,1,2
"1037",0.00013156583296316,17.7309441938755,11.252459346475,1,50,49,5.5,0,2
"1038",0.00013156583296316,17.7309441938755,11.252459346475,1,50,49,31.5,1,2
"1039",0.00013156583296316,17.7309441938755,11.252459346475,1,50,49,6.5,0,2
"1040",0.00013156583296316,17.7309441938755,11.252459346475,1,50,49,30.5,1,2
"1041",0.00013156583296316,17.7309441938755,11.252459346475,1,50,49,6.5,1,2
"1042",0.00013156583296316,17.7309441938755,11.252459346475,1,50,49,3.5,0,2
"1043",0.00013156583296316,17.7309441938755,11.252459346475,1,50,49,30.5,1,2
"1044",0.00013156583296316,17.7309441938755,11.252459346475,1,50,49,4.5,0,2
"1045",0.00013156583296316,17.7309441938755,11.252459346475,1,50,49,30.5,1,2
"1046",0.00013156583296316,17.7309441938755,11.252459346475,1,50,49,4.5,0,2
"1047",0.00013156583296316,17.7309441938755,11.252459346475,1,50,49,29.5,1,2
"1048",0.00013156583296316,17.7309441938755,11.252459346475,1,50,49,5.5,0,2
"1049",0.00013156583296316,17.7309441938755,11.252459346475,1,50,49,28.5,1,2
"1050",0.00013156583296316,17.7309441938755,11.252459346475,1,50,49,28.5,0,2
"1051",0.00150011493580937,13.9007486643332,11.7564227457355,2,50,49,-0.5,0,2
"1052",0.00150011493580937,13.9007486643332,11.7564227457355,2,50,49,22.5,0,2
"1053",0.00150011493580937,13.9007486643332,11.7564227457355,2,50,49,34.5,1,2
"1054",0.00150011493580937,13.9007486643332,11.7564227457355,2,50,49,27.5,0,2
"1055",0.00150011493580937,13.9007486643332,11.7564227457355,2,50,49,35.5,1,2
"1056",0.00150011493580937,13.9007486643332,11.7564227457355,2,50,49,30.5,1,2
"1057",0.00150011493580937,13.9007486643332,11.7564227457355,2,50,49,23.5,1,2
"1058",0.00150011493580937,13.9007486643332,11.7564227457355,2,50,49,15.5,1,2
"1059",0.00150011493580937,13.9007486643332,11.7564227457355,2,50,49,9.5,0,2
"1060",0.00150011493580937,13.9007486643332,11.7564227457355,2,50,49,10.5,0,2
"1061",0.00150011493580937,13.9007486643332,11.7564227457355,2,50,49,11.5,1,2
"1062",0.00150011493580937,13.9007486643332,11.7564227457355,2,50,49,7.5,0,2
"1063",0.00150011493580937,13.9007486643332,11.7564227457355,2,50,49,29.5,1,2
"1064",0.00150011493580937,13.9007486643332,11.7564227457355,2,50,49,6.5,0,2
"1065",0.00150011493580937,13.9007486643332,11.7564227457355,2,50,49,30.5,1,2
"1066",0.00150011493580937,13.9007486643332,11.7564227457355,2,50,49,6.5,1,2
"1067",0.00150011493580937,13.9007486643332,11.7564227457355,2,50,49,2.5,0,2
"1068",0.00150011493580937,13.9007486643332,11.7564227457355,2,50,49,2.5,0,2
"1069",0.00150011493580937,13.9007486643332,11.7564227457355,2,50,49,29.5,1,2
"1070",0.00150011493580937,13.9007486643332,11.7564227457355,2,50,49,2.5,0,2
"1071",0.00150011493580937,13.9007486643332,11.7564227457355,2,50,49,29.5,0,2
"1072",0.00150011493580937,13.9007486643332,11.7564227457355,2,50,49,32.5,1,2
"1073",0.00150011493580937,13.9007486643332,11.7564227457355,2,50,49,4.5,1,2
"1074",0.00150011493580937,13.9007486643332,11.7564227457355,2,50,49,1.5,0,2
"1075",0.00150011493580937,13.9007486643332,11.7564227457355,2,50,49,31.5,1,2
"1076",0.00150011493580937,13.9007486643332,11.7564227457355,2,50,49,1.5,0,2
"1077",0.00150011493580937,13.9007486643332,11.7564227457355,2,50,49,31.5,1,2
"1078",0.00150011493580937,13.9007486643332,11.7564227457355,2,50,49,1.5,0,2
"1079",0.00150011493580937,13.9007486643332,11.7564227457355,2,50,49,31.5,1,2
"1080",0.00150011493580937,13.9007486643332,11.7564227457355,2,50,49,1.5,0,2
"1081",0.00150011493580937,13.9007486643332,11.7564227457355,2,50,49,31.5,1,2
"1082",0.00150011493580937,13.9007486643332,11.7564227457355,2,50,49,1.5,0,2
"1083",0.00150011493580937,13.9007486643332,11.7564227457355,2,50,49,31.5,1,2
"1084",0.00150011493580937,13.9007486643332,11.7564227457355,2,50,49,1.5,0,2
"1085",0.00150011493580937,13.9007486643332,11.7564227457355,2,50,49,30.5,1,2
"1086",0.00150011493580937,13.9007486643332,11.7564227457355,2,50,49,2.5,0,2
"1087",0.00150011493580937,13.9007486643332,11.7564227457355,2,50,49,30.5,1,2
"1088",0.00150011493580937,13.9007486643332,11.7564227457355,2,50,49,2.5,0,2
"1089",0.00150011493580937,13.9007486643332,11.7564227457355,2,50,49,29.5,1,2
"1090",0.00150011493580937,13.9007486643332,11.7564227457355,2,50,49,3.5,0,2
"1091",0.00150011493580937,13.9007486643332,11.7564227457355,2,50,49,29.5,1,2
"1092",0.00150011493580937,13.9007486643332,11.7564227457355,2,50,49,3.5,0,2
"1093",0.00150011493580937,13.9007486643332,11.7564227457355,2,50,49,28.5,1,2
"1094",0.00150011493580937,13.9007486643332,11.7564227457355,2,50,49,4.5,0,2
"1095",0.00150011493580937,13.9007486643332,11.7564227457355,2,50,49,27.5,1,2
"1096",0.00150011493580937,13.9007486643332,11.7564227457355,2,50,49,27.5,0,2
"1097",0.00150011493580937,13.9007486643332,11.7564227457355,2,50,49,4.5,0,2
"1098",0.00150011493580937,13.9007486643332,11.7564227457355,2,50,49,5.5,0,2
"1099",0.00150011493580937,13.9007486643332,11.7564227457355,2,50,49,30.5,0,2
"1100",0.00150011493580937,13.9007486643332,11.7564227457355,2,50,49,33.5,1,2
"1101",0.000115305995959182,-5.54945041821725,8.22713058190703,3,50,49,-0.5,1,2
"1102",0.000115305995959182,-5.54945041821725,8.22713058190703,3,50,49,-23.5,0,2
"1103",0.000115305995959182,-5.54945041821725,8.22713058190703,3,50,49,-11.5,1,2
"1104",0.000115305995959182,-5.54945041821725,8.22713058190703,3,50,49,-19.5,0,2
"1105",0.000115305995959182,-5.54945041821725,8.22713058190703,3,50,49,-14.5,1,2
"1106",0.000115305995959182,-5.54945041821725,8.22713058190703,3,50,49,-21.5,0,2
"1107",0.000115305995959182,-5.54945041821725,8.22713058190703,3,50,49,-13.5,0,2
"1108",0.000115305995959182,-5.54945041821725,8.22713058190703,3,50,49,-6.5,0,2
"1109",0.000115305995959182,-5.54945041821725,8.22713058190703,3,50,49,0.5,1,2
"1110",0.000115305995959182,-5.54945041821725,8.22713058190703,3,50,49,-0.5,1,2
"1111",0.000115305995959182,-5.54945041821725,8.22713058190703,3,50,49,-1.5,0,2
"1112",0.000115305995959182,-5.54945041821725,8.22713058190703,3,50,49,3.5,1,2
"1113",0.000115305995959182,-5.54945041821725,8.22713058190703,3,50,49,-20.5,0,2
"1114",0.000115305995959182,-5.54945041821725,8.22713058190703,3,50,49,3.5,1,2
"1115",0.000115305995959182,-5.54945041821725,8.22713058190703,3,50,49,-20.5,0,2
"1116",0.000115305995959182,-5.54945041821725,8.22713058190703,3,50,49,3.5,1,2
"1117",0.000115305995959182,-5.54945041821725,8.22713058190703,3,50,49,-20.5,0,2
"1118",0.000115305995959182,-5.54945041821725,8.22713058190703,3,50,49,2.5,0,2
"1119",0.000115305995959182,-5.54945041821725,8.22713058190703,3,50,49,7.5,1,2
"1120",0.000115305995959182,-5.54945041821725,8.22713058190703,3,50,49,6.5,1,2
"1121",0.000115305995959182,-5.54945041821725,8.22713058190703,3,50,49,-19.5,0,2
"1122",0.000115305995959182,-5.54945041821725,8.22713058190703,3,50,49,6.5,1,2
"1123",0.000115305995959182,-5.54945041821725,8.22713058190703,3,50,49,-19.5,0,2
"1124",0.000115305995959182,-5.54945041821725,8.22713058190703,3,50,49,5.5,1,2
"1125",0.000115305995959182,-5.54945041821725,8.22713058190703,3,50,49,-18.5,0,2
"1126",0.000115305995959182,-5.54945041821725,8.22713058190703,3,50,49,5.5,1,2
"1127",0.000115305995959182,-5.54945041821725,8.22713058190703,3,50,49,-17.5,0,2
"1128",0.000115305995959182,-5.54945041821725,8.22713058190703,3,50,49,4.5,1,2
"1129",0.000115305995959182,-5.54945041821725,8.22713058190703,3,50,49,-16.5,0,2
"1130",0.000115305995959182,-5.54945041821725,8.22713058190703,3,50,49,-15.5,0,2
"1131",0.000115305995959182,-5.54945041821725,8.22713058190703,3,50,49,3.5,1,2
"1132",0.000115305995959182,-5.54945041821725,8.22713058190703,3,50,49,-14.5,0,2
"1133",0.000115305995959182,-5.54945041821725,8.22713058190703,3,50,49,2.5,0,2
"1134",0.000115305995959182,-5.54945041821725,8.22713058190703,3,50,49,6.5,0,2
"1135",0.000115305995959182,-5.54945041821725,8.22713058190703,3,50,49,9.5,1,2
"1136",0.000115305995959182,-5.54945041821725,8.22713058190703,3,50,49,9.5,1,2
"1137",0.000115305995959182,-5.54945041821725,8.22713058190703,3,50,49,-16.5,0,2
"1138",0.000115305995959182,-5.54945041821725,8.22713058190703,3,50,49,8.5,1,2
"1139",0.000115305995959182,-5.54945041821725,8.22713058190703,3,50,49,-15.5,0,2
"1140",0.000115305995959182,-5.54945041821725,8.22713058190703,3,50,49,-14.5,0,2
"1141",0.000115305995959182,-5.54945041821725,8.22713058190703,3,50,49,7.5,1,2
"1142",0.000115305995959182,-5.54945041821725,8.22713058190703,3,50,49,-14.5,0,2
"1143",0.000115305995959182,-5.54945041821725,8.22713058190703,3,50,49,-13.5,0,2
"1144",0.000115305995959182,-5.54945041821725,8.22713058190703,3,50,49,7.5,1,2
"1145",0.000115305995959182,-5.54945041821725,8.22713058190703,3,50,49,-12.5,0,2
"1146",0.000115305995959182,-5.54945041821725,8.22713058190703,3,50,49,-12.5,0,2
"1147",0.000115305995959182,-5.54945041821725,8.22713058190703,3,50,49,6.5,1,2
"1148",0.000115305995959182,-5.54945041821725,8.22713058190703,3,50,49,-11.5,1,2
"1149",0.000115305995959182,-5.54945041821725,8.22713058190703,3,50,49,6.5,1,2
"1150",0.000115305995959182,-5.54945041821725,8.22713058190703,3,50,49,5.5,1,2
"1151",0.00162990456661744,-0.678019065814471,6.8854572240556,4,50,49,-0.5,0,2
"1152",0.00162990456661744,-0.678019065814471,6.8854572240556,4,50,49,22.5,1,2
"1153",0.00162990456661744,-0.678019065814471,6.8854572240556,4,50,49,10.5,1,2
"1154",0.00162990456661744,-0.678019065814471,6.8854572240556,4,50,49,-1.5,1,2
"1155",0.00162990456661744,-0.678019065814471,6.8854572240556,4,50,49,-13.5,0,2
"1156",0.00162990456661744,-0.678019065814471,6.8854572240556,4,50,49,-7.5,0,2
"1157",0.00162990456661744,-0.678019065814471,6.8854572240556,4,50,49,5.5,1,2
"1158",0.00162990456661744,-0.678019065814471,6.8854572240556,4,50,49,-8.5,0,2
"1159",0.00162990456661744,-0.678019065814471,6.8854572240556,4,50,49,5.5,1,2
"1160",0.00162990456661744,-0.678019065814471,6.8854572240556,4,50,49,-7.5,0,2
"1161",0.00162990456661744,-0.678019065814471,6.8854572240556,4,50,49,4.5,1,2
"1162",0.00162990456661744,-0.678019065814471,6.8854572240556,4,50,49,-5.5,0,2
"1163",0.00162990456661744,-0.678019065814471,6.8854572240556,4,50,49,3.5,0,2
"1164",0.00162990456661744,-0.678019065814471,6.8854572240556,4,50,49,9.5,1,2
"1165",0.00162990456661744,-0.678019065814471,6.8854572240556,4,50,49,8.5,1,2
"1166",0.00162990456661744,-0.678019065814471,6.8854572240556,4,50,49,-5.5,0,2
"1167",0.00162990456661744,-0.678019065814471,6.8854572240556,4,50,49,7.5,1,2
"1168",0.00162990456661744,-0.678019065814471,6.8854572240556,4,50,49,-4.5,0,2
"1169",0.00162990456661744,-0.678019065814471,6.8854572240556,4,50,49,2.5,1,2
"1170",0.00162990456661744,-0.678019065814471,6.8854572240556,4,50,49,-4.5,0,2
"1171",0.00162990456661744,-0.678019065814471,6.8854572240556,4,50,49,5.5,1,2
"1172",0.00162990456661744,-0.678019065814471,6.8854572240556,4,50,49,-3.5,1,2
"1173",0.00162990456661744,-0.678019065814471,6.8854572240556,4,50,49,-7.5,0,2
"1174",0.00162990456661744,-0.678019065814471,6.8854572240556,4,50,49,5.5,1,2
"1175",0.00162990456661744,-0.678019065814471,6.8854572240556,4,50,49,-6.5,0,2
"1176",0.00162990456661744,-0.678019065814471,6.8854572240556,4,50,49,4.5,1,2
"1177",0.00162990456661744,-0.678019065814471,6.8854572240556,4,50,49,-5.5,0,2
"1178",0.00162990456661744,-0.678019065814471,6.8854572240556,4,50,49,2.5,1,2
"1179",0.00162990456661744,-0.678019065814471,6.8854572240556,4,50,49,1.5,1,2
"1180",0.00162990456661744,-0.678019065814471,6.8854572240556,4,50,49,0.5,0,2
"1181",0.00162990456661744,-0.678019065814471,6.8854572240556,4,50,49,-4.5,0,2
"1182",0.00162990456661744,-0.678019065814471,6.8854572240556,4,50,49,-4.5,1,2
"1183",0.00162990456661744,-0.678019065814471,6.8854572240556,4,50,49,-6.5,1,2
"1184",0.00162990456661744,-0.678019065814471,6.8854572240556,4,50,49,-9.5,1,2
"1185",0.00162990456661744,-0.678019065814471,6.8854572240556,4,50,49,-12.5,0,2
"1186",0.00162990456661744,-0.678019065814471,6.8854572240556,4,50,49,-12.5,0,2
"1187",0.00162990456661744,-0.678019065814471,6.8854572240556,4,50,49,-11.5,0,2
"1188",0.00162990456661744,-0.678019065814471,6.8854572240556,4,50,49,6.5,0,2
"1189",0.00162990456661744,-0.678019065814471,6.8854572240556,4,50,49,10.5,1,2
"1190",0.00162990456661744,-0.678019065814471,6.8854572240556,4,50,49,-12.5,0,2
"1191",0.00162990456661744,-0.678019065814471,6.8854572240556,4,50,49,9.5,1,2
"1192",0.00162990456661744,-0.678019065814471,6.8854572240556,4,50,49,-11.5,0,2
"1193",0.00162990456661744,-0.678019065814471,6.8854572240556,4,50,49,8.5,1,2
"1194",0.00162990456661744,-0.678019065814471,6.8854572240556,4,50,49,8.5,1,2
"1195",0.00162990456661744,-0.678019065814471,6.8854572240556,4,50,49,-10.5,0,2
"1196",0.00162990456661744,-0.678019065814471,6.8854572240556,4,50,49,7.5,1,2
"1197",0.00162990456661744,-0.678019065814471,6.8854572240556,4,50,49,-10.5,0,2
"1198",0.00162990456661744,-0.678019065814471,6.8854572240556,4,50,49,6.5,1,2
"1199",0.00162990456661744,-0.678019065814471,6.8854572240556,4,50,49,-9.5,0,2
"1200",0.00162990456661744,-0.678019065814471,6.8854572240556,4,50,49,6.5,1,2
"1201",0.0017401249535329,4.43379005640988,11.0282866825369,5,50,49,-0.5,1,2
"1202",0.0017401249535329,4.43379005640988,11.0282866825369,5,50,49,-23.5,0,2
"1203",0.0017401249535329,4.43379005640988,11.0282866825369,5,50,49,-11.5,0,2
"1204",0.0017401249535329,4.43379005640988,11.0282866825369,5,50,49,0.5,1,2
"1205",0.0017401249535329,4.43379005640988,11.0282866825369,5,50,49,-7.5,0,2
"1206",0.0017401249535329,4.43379005640988,11.0282866825369,5,50,49,-3.5,0,2
"1207",0.0017401249535329,4.43379005640988,11.0282866825369,5,50,49,3.5,1,2
"1208",0.0017401249535329,4.43379005640988,11.0282866825369,5,50,49,2.5,0,2
"1209",0.0017401249535329,4.43379005640988,11.0282866825369,5,50,49,9.5,0,2
"1210",0.0017401249535329,4.43379005640988,11.0282866825369,5,50,49,15.5,1,2
"1211",0.0017401249535329,4.43379005640988,11.0282866825369,5,50,49,14.5,1,2
"1212",0.0017401249535329,4.43379005640988,11.0282866825369,5,50,49,13.5,1,2
"1213",0.0017401249535329,4.43379005640988,11.0282866825369,5,50,49,-9.5,0,2
"1214",0.0017401249535329,4.43379005640988,11.0282866825369,5,50,49,13.5,0,2
"1215",0.0017401249535329,4.43379005640988,11.0282866825369,5,50,49,17.5,1,2
"1216",0.0017401249535329,4.43379005640988,11.0282866825369,5,50,49,17.5,1,2
"1217",0.0017401249535329,4.43379005640988,11.0282866825369,5,50,49,-8.5,0,2
"1218",0.0017401249535329,4.43379005640988,11.0282866825369,5,50,49,17.5,1,2
"1219",0.0017401249535329,4.43379005640988,11.0282866825369,5,50,49,-8.5,0,2
"1220",0.0017401249535329,4.43379005640988,11.0282866825369,5,50,49,17.5,1,2
"1221",0.0017401249535329,4.43379005640988,11.0282866825369,5,50,49,-8.5,0,2
"1222",0.0017401249535329,4.43379005640988,11.0282866825369,5,50,49,16.5,1,2
"1223",0.0017401249535329,4.43379005640988,11.0282866825369,5,50,49,-7.5,1,2
"1224",0.0017401249535329,4.43379005640988,11.0282866825369,5,50,49,-11.5,0,2
"1225",0.0017401249535329,4.43379005640988,11.0282866825369,5,50,49,-11.5,0,2
"1226",0.0017401249535329,4.43379005640988,11.0282866825369,5,50,49,16.5,0,2
"1227",0.0017401249535329,4.43379005640988,11.0282866825369,5,50,49,19.5,1,2
"1228",0.0017401249535329,4.43379005640988,11.0282866825369,5,50,49,19.5,1,2
"1229",0.0017401249535329,4.43379005640988,11.0282866825369,5,50,49,-10.5,0,2
"1230",0.0017401249535329,4.43379005640988,11.0282866825369,5,50,49,18.5,1,2
"1231",0.0017401249535329,4.43379005640988,11.0282866825369,5,50,49,-10.5,0,2
"1232",0.0017401249535329,4.43379005640988,11.0282866825369,5,50,49,18.5,0,2
"1233",0.0017401249535329,4.43379005640988,11.0282866825369,5,50,49,21.5,1,2
"1234",0.0017401249535329,4.43379005640988,11.0282866825369,5,50,49,-9.5,0,2
"1235",0.0017401249535329,4.43379005640988,11.0282866825369,5,50,49,21.5,1,2
"1236",0.0017401249535329,4.43379005640988,11.0282866825369,5,50,49,-9.5,0,2
"1237",0.0017401249535329,4.43379005640988,11.0282866825369,5,50,49,20.5,1,2
"1238",0.0017401249535329,4.43379005640988,11.0282866825369,5,50,49,-8.5,1,2
"1239",0.0017401249535329,4.43379005640988,11.0282866825369,5,50,49,-11.5,0,2
"1240",0.0017401249535329,4.43379005640988,11.0282866825369,5,50,49,20.5,1,2
"1241",0.0017401249535329,4.43379005640988,11.0282866825369,5,50,49,-11.5,0,2
"1242",0.0017401249535329,4.43379005640988,11.0282866825369,5,50,49,20.5,1,2
"1243",0.0017401249535329,4.43379005640988,11.0282866825369,5,50,49,-10.5,0,2
"1244",0.0017401249535329,4.43379005640988,11.0282866825369,5,50,49,19.5,1,2
"1245",0.0017401249535329,4.43379005640988,11.0282866825369,5,50,49,-10.5,0,2
"1246",0.0017401249535329,4.43379005640988,11.0282866825369,5,50,49,19.5,1,2
"1247",0.0017401249535329,4.43379005640988,11.0282866825369,5,50,49,-10.5,0,2
"1248",0.0017401249535329,4.43379005640988,11.0282866825369,5,50,49,18.5,1,2
"1249",0.0017401249535329,4.43379005640988,11.0282866825369,5,50,49,-9.5,1,2
"1250",0.0017401249535329,4.43379005640988,11.0282866825369,5,50,49,-12.5,1,2
"1251",0.000316799424774354,10.8449167749147,7.9299528287705,6,50,49,-0.5,0,2
"1252",0.000316799424774354,10.8449167749147,7.9299528287705,6,50,49,22.5,1,2
"1253",0.000316799424774354,10.8449167749147,7.9299528287705,6,50,49,10.5,0,2
"1254",0.000316799424774354,10.8449167749147,7.9299528287705,6,50,49,18.5,1,2
"1255",0.000316799424774354,10.8449167749147,7.9299528287705,6,50,49,13.5,1,2
"1256",0.000316799424774354,10.8449167749147,7.9299528287705,6,50,49,5.5,0,2
"1257",0.000316799424774354,10.8449167749147,7.9299528287705,6,50,49,8.5,0,2
"1258",0.000316799424774354,10.8449167749147,7.9299528287705,6,50,49,16.5,1,2
"1259",0.000316799424774354,10.8449167749147,7.9299528287705,6,50,49,9.5,0,2
"1260",0.000316799424774354,10.8449167749147,7.9299528287705,6,50,49,14.5,1,2
"1261",0.000316799424774354,10.8449167749147,7.9299528287705,6,50,49,12.5,1,2
"1262",0.000316799424774354,10.8449167749147,7.9299528287705,6,50,49,9.5,0,2
"1263",0.000316799424774354,10.8449167749147,7.9299528287705,6,50,49,12.5,1,2
"1264",0.000316799424774354,10.8449167749147,7.9299528287705,6,50,49,10.5,1,2
"1265",0.000316799424774354,10.8449167749147,7.9299528287705,6,50,49,8.5,1,2
"1266",0.000316799424774354,10.8449167749147,7.9299528287705,6,50,49,3.5,0,2
"1267",0.000316799424774354,10.8449167749147,7.9299528287705,6,50,49,4.5,0,2
"1268",0.000316799424774354,10.8449167749147,7.9299528287705,6,50,49,5.5,1,2
"1269",0.000316799424774354,10.8449167749147,7.9299528287705,6,50,49,0.5,0,2
"1270",0.000316799424774354,10.8449167749147,7.9299528287705,6,50,49,1.5,0,2
"1271",0.000316799424774354,10.8449167749147,7.9299528287705,6,50,49,16.5,0,2
"1272",0.000316799424774354,10.8449167749147,7.9299528287705,6,50,49,21.5,1,2
"1273",0.000316799424774354,10.8449167749147,7.9299528287705,6,50,49,20.5,1,2
"1274",0.000316799424774354,10.8449167749147,7.9299528287705,6,50,49,-0.5,0,2
"1275",0.000316799424774354,10.8449167749147,7.9299528287705,6,50,49,19.5,1,2
"1276",0.000316799424774354,10.8449167749147,7.9299528287705,6,50,49,0.5,1,2
"1277",0.000316799424774354,10.8449167749147,7.9299528287705,6,50,49,-3.5,0,2
"1278",0.000316799424774354,10.8449167749147,7.9299528287705,6,50,49,-2.5,0,2
"1279",0.000316799424774354,10.8449167749147,7.9299528287705,6,50,49,20.5,1,2
"1280",0.000316799424774354,10.8449167749147,7.9299528287705,6,50,49,-2.5,0,2
"1281",0.000316799424774354,10.8449167749147,7.9299528287705,6,50,49,20.5,1,2
"1282",0.000316799424774354,10.8449167749147,7.9299528287705,6,50,49,-1.5,0,2
"1283",0.000316799424774354,10.8449167749147,7.9299528287705,6,50,49,19.5,1,2
"1284",0.000316799424774354,10.8449167749147,7.9299528287705,6,50,49,-0.5,0,2
"1285",0.000316799424774354,10.8449167749147,7.9299528287705,6,50,49,18.5,1,2
"1286",0.000316799424774354,10.8449167749147,7.9299528287705,6,50,49,0.5,0,2
"1287",0.000316799424774354,10.8449167749147,7.9299528287705,6,50,49,0.5,0,2
"1288",0.000316799424774354,10.8449167749147,7.9299528287705,6,50,49,17.5,1,2
"1289",0.000316799424774354,10.8449167749147,7.9299528287705,6,50,49,1.5,0,2
"1290",0.000316799424774354,10.8449167749147,7.9299528287705,6,50,49,16.5,1,2
"1291",0.000316799424774354,10.8449167749147,7.9299528287705,6,50,49,2.5,0,2
"1292",0.000316799424774354,10.8449167749147,7.9299528287705,6,50,49,16.5,1,2
"1293",0.000316799424774354,10.8449167749147,7.9299528287705,6,50,49,3.5,0,2
"1294",0.000316799424774354,10.8449167749147,7.9299528287705,6,50,49,15.5,1,2
"1295",0.000316799424774354,10.8449167749147,7.9299528287705,6,50,49,3.5,0,2
"1296",0.000316799424774354,10.8449167749147,7.9299528287705,6,50,49,4.5,0,2
"1297",0.000316799424774354,10.8449167749147,7.9299528287705,6,50,49,14.5,1,2
"1298",0.000316799424774354,10.8449167749147,7.9299528287705,6,50,49,4.5,1,2
"1299",0.000316799424774354,10.8449167749147,7.9299528287705,6,50,49,15.5,1,2
"1300",0.000316799424774354,10.8449167749147,7.9299528287705,6,50,49,14.5,1,2
"1301",0.000712259706502841,-4.87274112051248,8.35341645134507,7,50,49,-0.5,0,2
"1302",0.000712259706502841,-4.87274112051248,8.35341645134507,7,50,49,22.5,1,2
"1303",0.000712259706502841,-4.87274112051248,8.35341645134507,7,50,49,10.5,1,2
"1304",0.000712259706502841,-4.87274112051248,8.35341645134507,7,50,49,-1.5,1,2
"1305",0.000712259706502841,-4.87274112051248,8.35341645134507,7,50,49,-13.5,0,2
"1306",0.000712259706502841,-4.87274112051248,8.35341645134507,7,50,49,-7.5,0,2
"1307",0.000712259706502841,-4.87274112051248,8.35341645134507,7,50,49,5.5,1,2
"1308",0.000712259706502841,-4.87274112051248,8.35341645134507,7,50,49,-8.5,0,2
"1309",0.000712259706502841,-4.87274112051248,8.35341645134507,7,50,49,5.5,1,2
"1310",0.000712259706502841,-4.87274112051248,8.35341645134507,7,50,49,-7.5,0,2
"1311",0.000712259706502841,-4.87274112051248,8.35341645134507,7,50,49,4.5,1,2
"1312",0.000712259706502841,-4.87274112051248,8.35341645134507,7,50,49,-5.5,0,2
"1313",0.000712259706502841,-4.87274112051248,8.35341645134507,7,50,49,3.5,1,2
"1314",0.000712259706502841,-4.87274112051248,8.35341645134507,7,50,49,-4.5,1,2
"1315",0.000712259706502841,-4.87274112051248,8.35341645134507,7,50,49,-9.5,1,2
"1316",0.000712259706502841,-4.87274112051248,8.35341645134507,7,50,49,-14.5,0,2
"1317",0.000712259706502841,-4.87274112051248,8.35341645134507,7,50,49,-14.5,0,2
"1318",0.000712259706502841,-4.87274112051248,8.35341645134507,7,50,49,-13.5,0,2
"1319",0.000712259706502841,-4.87274112051248,8.35341645134507,7,50,49,5.5,1,2
"1320",0.000712259706502841,-4.87274112051248,8.35341645134507,7,50,49,4.5,1,2
"1321",0.000712259706502841,-4.87274112051248,8.35341645134507,7,50,49,-12.5,0,2
"1322",0.000712259706502841,-4.87274112051248,8.35341645134507,7,50,49,3.5,1,2
"1323",0.000712259706502841,-4.87274112051248,8.35341645134507,7,50,49,-11.5,0,2
"1324",0.000712259706502841,-4.87274112051248,8.35341645134507,7,50,49,2.5,1,2
"1325",0.000712259706502841,-4.87274112051248,8.35341645134507,7,50,49,-10.5,1,2
"1326",0.000712259706502841,-4.87274112051248,8.35341645134507,7,50,49,-14.5,0,2
"1327",0.000712259706502841,-4.87274112051248,8.35341645134507,7,50,49,2.5,0,2
"1328",0.000712259706502841,-4.87274112051248,8.35341645134507,7,50,49,-14.5,0,2
"1329",0.000712259706502841,-4.87274112051248,8.35341645134507,7,50,49,6.5,1,2
"1330",0.000712259706502841,-4.87274112051248,8.35341645134507,7,50,49,5.5,1,2
"1331",0.000712259706502841,-4.87274112051248,8.35341645134507,7,50,49,-13.5,0,2
"1332",0.000712259706502841,-4.87274112051248,8.35341645134507,7,50,49,4.5,1,2
"1333",0.000712259706502841,-4.87274112051248,8.35341645134507,7,50,49,-13.5,1,2
"1334",0.000712259706502841,-4.87274112051248,8.35341645134507,7,50,49,-16.5,0,2
"1335",0.000712259706502841,-4.87274112051248,8.35341645134507,7,50,49,-16.5,0,2
"1336",0.000712259706502841,-4.87274112051248,8.35341645134507,7,50,49,5.5,0,2
"1337",0.000712259706502841,-4.87274112051248,8.35341645134507,7,50,49,8.5,1,2
"1338",0.000712259706502841,-4.87274112051248,8.35341645134507,7,50,49,-16.5,0,2
"1339",0.000712259706502841,-4.87274112051248,8.35341645134507,7,50,49,7.5,1,2
"1340",0.000712259706502841,-4.87274112051248,8.35341645134507,7,50,49,-15.5,0,2
"1341",0.000712259706502841,-4.87274112051248,8.35341645134507,7,50,49,7.5,1,2
"1342",0.000712259706502841,-4.87274112051248,8.35341645134507,7,50,49,-15.5,0,2
"1343",0.000712259706502841,-4.87274112051248,8.35341645134507,7,50,49,6.5,1,2
"1344",0.000712259706502841,-4.87274112051248,8.35341645134507,7,50,49,-14.5,0,2
"1345",0.000712259706502841,-4.87274112051248,8.35341645134507,7,50,49,5.5,1,2
"1346",0.000712259706502841,-4.87274112051248,8.35341645134507,7,50,49,5.5,1,2
"1347",0.000712259706502841,-4.87274112051248,8.35341645134507,7,50,49,-13.5,0,2
"1348",0.000712259706502841,-4.87274112051248,8.35341645134507,7,50,49,4.5,0,2
"1349",0.000712259706502841,-4.87274112051248,8.35341645134507,7,50,49,-13.5,0,2
"1350",0.000712259706502841,-4.87274112051248,8.35341645134507,7,50,49,6.5,1,2
"1351",0.00170770073495484,11.4766200406834,8.43904336133553,8,50,49,-0.5,0,2
"1352",0.00170770073495484,11.4766200406834,8.43904336133553,8,50,49,22.5,1,2
"1353",0.00170770073495484,11.4766200406834,8.43904336133553,8,50,49,10.5,0,2
"1354",0.00170770073495484,11.4766200406834,8.43904336133553,8,50,49,18.5,0,2
"1355",0.00170770073495484,11.4766200406834,8.43904336133553,8,50,49,27.5,1,2
"1356",0.00170770073495484,11.4766200406834,8.43904336133553,8,50,49,25.5,1,2
"1357",0.00170770073495484,11.4766200406834,8.43904336133553,8,50,49,16.5,1,2
"1358",0.00170770073495484,11.4766200406834,8.43904336133553,8,50,49,8.5,1,2
"1359",0.00170770073495484,11.4766200406834,8.43904336133553,8,50,49,1.5,0,2
"1360",0.00170770073495484,11.4766200406834,8.43904336133553,8,50,49,2.5,0,2
"1361",0.00170770073495484,11.4766200406834,8.43904336133553,8,50,49,3.5,1,2
"1362",0.00170770073495484,11.4766200406834,8.43904336133553,8,50,49,-1.5,0,2
"1363",0.00170770073495484,11.4766200406834,8.43904336133553,8,50,49,21.5,1,2
"1364",0.00170770073495484,11.4766200406834,8.43904336133553,8,50,49,-1.5,0,2
"1365",0.00170770073495484,11.4766200406834,8.43904336133553,8,50,49,21.5,1,2
"1366",0.00170770073495484,11.4766200406834,8.43904336133553,8,50,49,-1.5,0,2
"1367",0.00170770073495484,11.4766200406834,8.43904336133553,8,50,49,21.5,1,2
"1368",0.00170770073495484,11.4766200406834,8.43904336133553,8,50,49,-1.5,0,2
"1369",0.00170770073495484,11.4766200406834,8.43904336133553,8,50,49,20.5,1,2
"1370",0.00170770073495484,11.4766200406834,8.43904336133553,8,50,49,-0.5,0,2
"1371",0.00170770073495484,11.4766200406834,8.43904336133553,8,50,49,19.5,1,2
"1372",0.00170770073495484,11.4766200406834,8.43904336133553,8,50,49,0.5,0,2
"1373",0.00170770073495484,11.4766200406834,8.43904336133553,8,50,49,18.5,1,2
"1374",0.00170770073495484,11.4766200406834,8.43904336133553,8,50,49,16.5,0,2
"1375",0.00170770073495484,11.4766200406834,8.43904336133553,8,50,49,1.5,0,2
"1376",0.00170770073495484,11.4766200406834,8.43904336133553,8,50,49,22.5,0,2
"1377",0.00170770073495484,11.4766200406834,8.43904336133553,8,50,49,26.5,1,2
"1378",0.00170770073495484,11.4766200406834,8.43904336133553,8,50,49,25.5,1,2
"1379",0.00170770073495484,11.4766200406834,8.43904336133553,8,50,49,1.5,0,2
"1380",0.00170770073495484,11.4766200406834,8.43904336133553,8,50,49,1.5,0,2
"1381",0.00170770073495484,11.4766200406834,8.43904336133553,8,50,49,24.5,0,2
"1382",0.00170770073495484,11.4766200406834,8.43904336133553,8,50,49,28.5,1,2
"1383",0.00170770073495484,11.4766200406834,8.43904336133553,8,50,49,27.5,1,2
"1384",0.00170770073495484,11.4766200406834,8.43904336133553,8,50,49,1.5,0,2
"1385",0.00170770073495484,11.4766200406834,8.43904336133553,8,50,49,27.5,1,2
"1386",0.00170770073495484,11.4766200406834,8.43904336133553,8,50,49,2.5,0,2
"1387",0.00170770073495484,11.4766200406834,8.43904336133553,8,50,49,2.5,0,2
"1388",0.00170770073495484,11.4766200406834,8.43904336133553,8,50,49,26.5,1,2
"1389",0.00170770073495484,11.4766200406834,8.43904336133553,8,50,49,3.5,0,2
"1390",0.00170770073495484,11.4766200406834,8.43904336133553,8,50,49,25.5,1,2
"1391",0.00170770073495484,11.4766200406834,8.43904336133553,8,50,49,4.5,0,2
"1392",0.00170770073495484,11.4766200406834,8.43904336133553,8,50,49,5.5,0,2
"1393",0.00170770073495484,11.4766200406834,8.43904336133553,8,50,49,24.5,1,2
"1394",0.00170770073495484,11.4766200406834,8.43904336133553,8,50,49,5.5,0,2
"1395",0.00170770073495484,11.4766200406834,8.43904336133553,8,50,49,6.5,0,2
"1396",0.00170770073495484,11.4766200406834,8.43904336133553,8,50,49,24.5,1,2
"1397",0.00170770073495484,11.4766200406834,8.43904336133553,8,50,49,7.5,0,2
"1398",0.00170770073495484,11.4766200406834,8.43904336133553,8,50,49,7.5,1,2
"1399",0.00170770073495484,11.4766200406834,8.43904336133553,8,50,49,23.5,1,2
"1400",0.00170770073495484,11.4766200406834,8.43904336133553,8,50,49,23.5,1,2
"1401",0.126605829187642,44.1436517742312,9.37961285820081,9,50,49,-0.5,1,2
"1402",0.126605829187642,44.1436517742312,9.37961285820081,9,50,49,-23.5,0,2
"1403",0.126605829187642,44.1436517742312,9.37961285820081,9,50,49,-11.5,0,2
"1404",0.126605829187642,44.1436517742312,9.37961285820081,9,50,49,0.5,0,2
"1405",0.126605829187642,44.1436517742312,9.37961285820081,9,50,49,12.5,0,2
"1406",0.126605829187642,44.1436517742312,9.37961285820081,9,50,49,23.5,0,2
"1407",0.126605829187642,44.1436517742312,9.37961285820081,9,50,49,30.5,0,2
"1408",0.126605829187642,44.1436517742312,9.37961285820081,9,50,49,35.5,1,2
"1409",0.126605829187642,44.1436517742312,9.37961285820081,9,50,49,26.5,0,2
"1410",0.126605829187642,44.1436517742312,9.37961285820081,9,50,49,27.5,0,2
"1411",0.126605829187642,44.1436517742312,9.37961285820081,9,50,49,38.5,0,2
"1412",0.126605829187642,44.1436517742312,9.37961285820081,9,50,49,29.5,1,2
"1413",0.126605829187642,44.1436517742312,9.37961285820081,9,50,49,25.5,0,2
"1414",0.126605829187642,44.1436517742312,9.37961285820081,9,50,49,44.5,1,2
"1415",0.126605829187642,44.1436517742312,9.37961285820081,9,50,49,24.5,0,2
"1416",0.126605829187642,44.1436517742312,9.37961285820081,9,50,49,45.5,0,2
"1417",0.126605829187642,44.1436517742312,9.37961285820081,9,50,49,26.5,0,2
"1418",0.126605829187642,44.1436517742312,9.37961285820081,9,50,49,26.5,0,2
"1419",0.126605829187642,44.1436517742312,9.37961285820081,9,50,49,50.5,1,2
"1420",0.126605829187642,44.1436517742312,9.37961285820081,9,50,49,50.5,1,2
"1421",0.126605829187642,44.1436517742312,9.37961285820081,9,50,49,50.5,1,2
"1422",0.126605829187642,44.1436517742312,9.37961285820081,9,50,49,25.5,0,2
"1423",0.126605829187642,44.1436517742312,9.37961285820081,9,50,49,50.5,1,2
"1424",0.126605829187642,44.1436517742312,9.37961285820081,9,50,49,25.5,0,2
"1425",0.126605829187642,44.1436517742312,9.37961285820081,9,50,49,50.5,0,2
"1426",0.126605829187642,44.1436517742312,9.37961285820081,9,50,49,26.5,0,2
"1427",0.126605829187642,44.1436517742312,9.37961285820081,9,50,49,26.5,0,2
"1428",0.126605829187642,44.1436517742312,9.37961285820081,9,50,49,50.5,1,2
"1429",0.126605829187642,44.1436517742312,9.37961285820081,9,50,49,50.5,1,2
"1430",0.126605829187642,44.1436517742312,9.37961285820081,9,50,49,26.5,0,2
"1431",0.126605829187642,44.1436517742312,9.37961285820081,9,50,49,50.5,0,2
"1432",0.126605829187642,44.1436517742312,9.37961285820081,9,50,49,26.5,0,2
"1433",0.126605829187642,44.1436517742312,9.37961285820081,9,50,49,27.5,0,2
"1434",0.126605829187642,44.1436517742312,9.37961285820081,9,50,49,27.5,0,2
"1435",0.126605829187642,44.1436517742312,9.37961285820081,9,50,49,27.5,0,2
"1436",0.126605829187642,44.1436517742312,9.37961285820081,9,50,49,50.5,0,2
"1437",0.126605829187642,44.1436517742312,9.37961285820081,9,50,49,28.5,0,2
"1438",0.126605829187642,44.1436517742312,9.37961285820081,9,50,49,28.5,0,2
"1439",0.126605829187642,44.1436517742312,9.37961285820081,9,50,49,28.5,0,2
"1440",0.126605829187642,44.1436517742312,9.37961285820081,9,50,49,28.5,0,2
"1441",0.126605829187642,44.1436517742312,9.37961285820081,9,50,49,29.5,0,2
"1442",0.126605829187642,44.1436517742312,9.37961285820081,9,50,49,29.5,0,2
"1443",0.126605829187642,44.1436517742312,9.37961285820081,9,50,49,50.5,0,2
"1444",0.126605829187642,44.1436517742312,9.37961285820081,9,50,49,29.5,0,2
"1445",0.126605829187642,44.1436517742312,9.37961285820081,9,50,49,30.5,0,2
"1446",0.126605829187642,44.1436517742312,9.37961285820081,9,50,49,30.5,0,2
"1447",0.126605829187642,44.1436517742312,9.37961285820081,9,50,49,30.5,1,2
"1448",0.126605829187642,44.1436517742312,9.37961285820081,9,50,49,27.5,0,2
"1449",0.126605829187642,44.1436517742312,9.37961285820081,9,50,49,27.5,0,2
"1450",0.126605829187642,44.1436517742312,9.37961285820081,9,50,49,27.5,0,2
"1451",0.00121814860227707,12.1860744031722,8.57353824961497,10,50,49,-0.5,0,2
"1452",0.00121814860227707,12.1860744031722,8.57353824961497,10,50,49,22.5,1,2
"1453",0.00121814860227707,12.1860744031722,8.57353824961497,10,50,49,10.5,1,2
"1454",0.00121814860227707,12.1860744031722,8.57353824961497,10,50,49,-1.5,0,2
"1455",0.00121814860227707,12.1860744031722,8.57353824961497,10,50,49,6.5,1,2
"1456",0.00121814860227707,12.1860744031722,8.57353824961497,10,50,49,2.5,0,2
"1457",0.00121814860227707,12.1860744031722,8.57353824961497,10,50,49,8.5,0,2
"1458",0.00121814860227707,12.1860744031722,8.57353824961497,10,50,49,15.5,1,2
"1459",0.00121814860227707,12.1860744031722,8.57353824961497,10,50,49,14.5,1,2
"1460",0.00121814860227707,12.1860744031722,8.57353824961497,10,50,49,-0.5,0,2
"1461",0.00121814860227707,12.1860744031722,8.57353824961497,10,50,49,13.5,1,2
"1462",0.00121814860227707,12.1860744031722,8.57353824961497,10,50,49,0.5,0,2
"1463",0.00121814860227707,12.1860744031722,8.57353824961497,10,50,49,12.5,1,2
"1464",0.00121814860227707,12.1860744031722,8.57353824961497,10,50,49,3.5,1,2
"1465",0.00121814860227707,12.1860744031722,8.57353824961497,10,50,49,-2.5,0,2
"1466",0.00121814860227707,12.1860744031722,8.57353824961497,10,50,49,-1.5,0,2
"1467",0.00121814860227707,12.1860744031722,8.57353824961497,10,50,49,11.5,0,2
"1468",0.00121814860227707,12.1860744031722,8.57353824961497,10,50,49,16.5,0,2
"1469",0.00121814860227707,12.1860744031722,8.57353824961497,10,50,49,21.5,0,2
"1470",0.00121814860227707,12.1860744031722,8.57353824961497,10,50,49,25.5,1,2
"1471",0.00121814860227707,12.1860744031722,8.57353824961497,10,50,49,25.5,1,2
"1472",0.00121814860227707,12.1860744031722,8.57353824961497,10,50,49,24.5,1,2
"1473",0.00121814860227707,12.1860744031722,8.57353824961497,10,50,49,24.5,1,2
"1474",0.00121814860227707,12.1860744031722,8.57353824961497,10,50,49,-3.5,0,2
"1475",0.00121814860227707,12.1860744031722,8.57353824961497,10,50,49,23.5,1,2
"1476",0.00121814860227707,12.1860744031722,8.57353824961497,10,50,49,-3.5,0,2
"1477",0.00121814860227707,12.1860744031722,8.57353824961497,10,50,49,23.5,1,2
"1478",0.00121814860227707,12.1860744031722,8.57353824961497,10,50,49,-2.5,0,2
"1479",0.00121814860227707,12.1860744031722,8.57353824961497,10,50,49,22.5,1,2
"1480",0.00121814860227707,12.1860744031722,8.57353824961497,10,50,49,-2.5,0,2
"1481",0.00121814860227707,12.1860744031722,8.57353824961497,10,50,49,21.5,0,2
"1482",0.00121814860227707,12.1860744031722,8.57353824961497,10,50,49,25.5,1,2
"1483",0.00121814860227707,12.1860744031722,8.57353824961497,10,50,49,-2.5,0,2
"1484",0.00121814860227707,12.1860744031722,8.57353824961497,10,50,49,24.5,1,2
"1485",0.00121814860227707,12.1860744031722,8.57353824961497,10,50,49,-1.5,1,2
"1486",0.00121814860227707,12.1860744031722,8.57353824961497,10,50,49,-4.5,0,2
"1487",0.00121814860227707,12.1860744031722,8.57353824961497,10,50,49,25.5,1,2
"1488",0.00121814860227707,12.1860744031722,8.57353824961497,10,50,49,-4.5,0,2
"1489",0.00121814860227707,12.1860744031722,8.57353824961497,10,50,49,24.5,1,2
"1490",0.00121814860227707,12.1860744031722,8.57353824961497,10,50,49,-3.5,0,2
"1491",0.00121814860227707,12.1860744031722,8.57353824961497,10,50,49,23.5,1,2
"1492",0.00121814860227707,12.1860744031722,8.57353824961497,10,50,49,-3.5,0,2
"1493",0.00121814860227707,12.1860744031722,8.57353824961497,10,50,49,23.5,1,2
"1494",0.00121814860227707,12.1860744031722,8.57353824961497,10,50,49,-2.5,0,2
"1495",0.00121814860227707,12.1860744031722,8.57353824961497,10,50,49,22.5,1,2
"1496",0.00121814860227707,12.1860744031722,8.57353824961497,10,50,49,-1.5,0,2
"1497",0.00121814860227707,12.1860744031722,8.57353824961497,10,50,49,21.5,1,2
"1498",0.00121814860227707,12.1860744031722,8.57353824961497,10,50,49,-1.5,0,2
"1499",0.00121814860227707,12.1860744031722,8.57353824961497,10,50,49,21.5,1,2
"1500",0.00121814860227707,12.1860744031722,8.57353824961497,10,50,49,-0.5,0,2
"1501",0.0032082211995152,6.72356317193237,16.9500116925064,11,50,49,-0.5,1,2
"1502",0.0032082211995152,6.72356317193237,16.9500116925064,11,50,49,-23.5,0,2
"1503",0.0032082211995152,6.72356317193237,16.9500116925064,11,50,49,-11.5,0,2
"1504",0.0032082211995152,6.72356317193237,16.9500116925064,11,50,49,0.5,0,2
"1505",0.0032082211995152,6.72356317193237,16.9500116925064,11,50,49,12.5,1,2
"1506",0.0032082211995152,6.72356317193237,16.9500116925064,11,50,49,6.5,0,2
"1507",0.0032082211995152,6.72356317193237,16.9500116925064,11,50,49,14.5,1,2
"1508",0.0032082211995152,6.72356317193237,16.9500116925064,11,50,49,10.5,1,2
"1509",0.0032082211995152,6.72356317193237,16.9500116925064,11,50,49,-5.5,0,2
"1510",0.0032082211995152,6.72356317193237,16.9500116925064,11,50,49,13.5,1,2
"1511",0.0032082211995152,6.72356317193237,16.9500116925064,11,50,49,-4.5,0,2
"1512",0.0032082211995152,6.72356317193237,16.9500116925064,11,50,49,12.5,1,2
"1513",0.0032082211995152,6.72356317193237,16.9500116925064,11,50,49,-4.5,1,2
"1514",0.0032082211995152,6.72356317193237,16.9500116925064,11,50,49,-10.5,1,2
"1515",0.0032082211995152,6.72356317193237,16.9500116925064,11,50,49,-14.5,0,2
"1516",0.0032082211995152,6.72356317193237,16.9500116925064,11,50,49,-14.5,0,2
"1517",0.0032082211995152,6.72356317193237,16.9500116925064,11,50,49,11.5,0,2
"1518",0.0032082211995152,6.72356317193237,16.9500116925064,11,50,49,14.5,0,2
"1519",0.0032082211995152,6.72356317193237,16.9500116925064,11,50,49,16.5,1,2
"1520",0.0032082211995152,6.72356317193237,16.9500116925064,11,50,49,16.5,1,2
"1521",0.0032082211995152,6.72356317193237,16.9500116925064,11,50,49,-11.5,0,2
"1522",0.0032082211995152,6.72356317193237,16.9500116925064,11,50,49,17.5,0,2
"1523",0.0032082211995152,6.72356317193237,16.9500116925064,11,50,49,19.5,0,2
"1524",0.0032082211995152,6.72356317193237,16.9500116925064,11,50,49,20.5,1,2
"1525",0.0032082211995152,6.72356317193237,16.9500116925064,11,50,49,19.5,1,2
"1526",0.0032082211995152,6.72356317193237,16.9500116925064,11,50,49,-7.5,0,2
"1527",0.0032082211995152,6.72356317193237,16.9500116925064,11,50,49,21.5,0,2
"1528",0.0032082211995152,6.72356317193237,16.9500116925064,11,50,49,21.5,1,2
"1529",0.0032082211995152,6.72356317193237,16.9500116925064,11,50,49,21.5,1,2
"1530",0.0032082211995152,6.72356317193237,16.9500116925064,11,50,49,-6.5,0,2
"1531",0.0032082211995152,6.72356317193237,16.9500116925064,11,50,49,22.5,1,2
"1532",0.0032082211995152,6.72356317193237,16.9500116925064,11,50,49,-7.5,0,2
"1533",0.0032082211995152,6.72356317193237,16.9500116925064,11,50,49,23.5,1,2
"1534",0.0032082211995152,6.72356317193237,16.9500116925064,11,50,49,-8.5,0,2
"1535",0.0032082211995152,6.72356317193237,16.9500116925064,11,50,49,24.5,1,2
"1536",0.0032082211995152,6.72356317193237,16.9500116925064,11,50,49,-8.5,1,2
"1537",0.0032082211995152,6.72356317193237,16.9500116925064,11,50,49,-10.5,0,2
"1538",0.0032082211995152,6.72356317193237,16.9500116925064,11,50,49,22.5,1,2
"1539",0.0032082211995152,6.72356317193237,16.9500116925064,11,50,49,-10.5,0,2
"1540",0.0032082211995152,6.72356317193237,16.9500116925064,11,50,49,-10.5,0,2
"1541",0.0032082211995152,6.72356317193237,16.9500116925064,11,50,49,23.5,1,2
"1542",0.0032082211995152,6.72356317193237,16.9500116925064,11,50,49,-10.5,0,2
"1543",0.0032082211995152,6.72356317193237,16.9500116925064,11,50,49,23.5,1,2
"1544",0.0032082211995152,6.72356317193237,16.9500116925064,11,50,49,-10.5,1,2
"1545",0.0032082211995152,6.72356317193237,16.9500116925064,11,50,49,-12.5,0,2
"1546",0.0032082211995152,6.72356317193237,16.9500116925064,11,50,49,22.5,0,2
"1547",0.0032082211995152,6.72356317193237,16.9500116925064,11,50,49,23.5,1,2
"1548",0.0032082211995152,6.72356317193237,16.9500116925064,11,50,49,23.5,1,2
"1549",0.0032082211995152,6.72356317193237,16.9500116925064,11,50,49,-11.5,0,2
"1550",0.0032082211995152,6.72356317193237,16.9500116925064,11,50,49,23.5,1,2
"1551",0.200489971659796,15.5555875622412,10.0977956601515,12,50,49,-0.5,0,2
"1552",0.200489971659796,15.5555875622412,10.0977956601515,12,50,49,22.5,0,2
"1553",0.200489971659796,15.5555875622412,10.0977956601515,12,50,49,34.5,1,2
"1554",0.200489971659796,15.5555875622412,10.0977956601515,12,50,49,27.5,0,2
"1555",0.200489971659796,15.5555875622412,10.0977956601515,12,50,49,35.5,1,2
"1556",0.200489971659796,15.5555875622412,10.0977956601515,12,50,49,30.5,1,2
"1557",0.200489971659796,15.5555875622412,10.0977956601515,12,50,49,23.5,1,2
"1558",0.200489971659796,15.5555875622412,10.0977956601515,12,50,49,15.5,0,2
"1559",0.200489971659796,15.5555875622412,10.0977956601515,12,50,49,17.5,0,2
"1560",0.200489971659796,15.5555875622412,10.0977956601515,12,50,49,34.5,1,2
"1561",0.200489971659796,15.5555875622412,10.0977956601515,12,50,49,17.5,0,2
"1562",0.200489971659796,15.5555875622412,10.0977956601515,12,50,49,33.5,0,2
"1563",0.200489971659796,15.5555875622412,10.0977956601515,12,50,49,39.5,1,2
"1564",0.200489971659796,15.5555875622412,10.0977956601515,12,50,49,38.5,1,2
"1565",0.200489971659796,15.5555875622412,10.0977956601515,12,50,49,17.5,1,2
"1566",0.200489971659796,15.5555875622412,10.0977956601515,12,50,49,12.5,1,2
"1567",0.200489971659796,15.5555875622412,10.0977956601515,12,50,49,9.5,1,2
"1568",0.200489971659796,15.5555875622412,10.0977956601515,12,50,49,6.5,1,2
"1569",0.200489971659796,15.5555875622412,10.0977956601515,12,50,49,4.5,0,2
"1570",0.200489971659796,15.5555875622412,10.0977956601515,12,50,49,5.5,1,2
"1571",0.200489971659796,15.5555875622412,10.0977956601515,12,50,49,3.5,0,2
"1572",0.200489971659796,15.5555875622412,10.0977956601515,12,50,49,4.5,1,2
"1573",0.200489971659796,15.5555875622412,10.0977956601515,12,50,49,3.5,0,2
"1574",0.200489971659796,15.5555875622412,10.0977956601515,12,50,49,3.5,1,2
"1575",0.200489971659796,15.5555875622412,10.0977956601515,12,50,49,2.5,0,2
"1576",0.200489971659796,15.5555875622412,10.0977956601515,12,50,49,3.5,0,2
"1577",0.200489971659796,15.5555875622412,10.0977956601515,12,50,49,3.5,0,2
"1578",0.200489971659796,15.5555875622412,10.0977956601515,12,50,49,25.5,1,2
"1579",0.200489971659796,15.5555875622412,10.0977956601515,12,50,49,1.5,0,2
"1580",0.200489971659796,15.5555875622412,10.0977956601515,12,50,49,28.5,1,2
"1581",0.200489971659796,15.5555875622412,10.0977956601515,12,50,49,-0.5,0,2
"1582",0.200489971659796,15.5555875622412,10.0977956601515,12,50,49,29.5,1,2
"1583",0.200489971659796,15.5555875622412,10.0977956601515,12,50,49,-1.5,0,2
"1584",0.200489971659796,15.5555875622412,10.0977956601515,12,50,49,30.5,1,2
"1585",0.200489971659796,15.5555875622412,10.0977956601515,12,50,49,-1.5,0,2
"1586",0.200489971659796,15.5555875622412,10.0977956601515,12,50,49,31.5,1,2
"1587",0.200489971659796,15.5555875622412,10.0977956601515,12,50,49,-2.5,0,2
"1588",0.200489971659796,15.5555875622412,10.0977956601515,12,50,49,31.5,0,2
"1589",0.200489971659796,15.5555875622412,10.0977956601515,12,50,49,32.5,1,2
"1590",0.200489971659796,15.5555875622412,10.0977956601515,12,50,49,-0.5,0,2
"1591",0.200489971659796,15.5555875622412,10.0977956601515,12,50,49,33.5,0,2
"1592",0.200489971659796,15.5555875622412,10.0977956601515,12,50,49,33.5,1,2
"1593",0.200489971659796,15.5555875622412,10.0977956601515,12,50,49,33.5,1,2
"1594",0.200489971659796,15.5555875622412,10.0977956601515,12,50,49,0.5,0,2
"1595",0.200489971659796,15.5555875622412,10.0977956601515,12,50,49,34.5,1,2
"1596",0.200489971659796,15.5555875622412,10.0977956601515,12,50,49,-0.5,0,2
"1597",0.200489971659796,15.5555875622412,10.0977956601515,12,50,49,34.5,0,2
"1598",0.200489971659796,15.5555875622412,10.0977956601515,12,50,49,35.5,1,2
"1599",0.200489971659796,15.5555875622412,10.0977956601515,12,50,49,0.5,0,2
"1600",0.200489971659796,15.5555875622412,10.0977956601515,12,50,49,35.5,1,2
"1601",0.000138599074128492,9.52236318520384,8.46732448404822,13,50,49,-0.5,0,2
"1602",0.000138599074128492,9.52236318520384,8.46732448404822,13,50,49,22.5,1,2
"1603",0.000138599074128492,9.52236318520384,8.46732448404822,13,50,49,10.5,1,2
"1604",0.000138599074128492,9.52236318520384,8.46732448404822,13,50,49,-1.5,0,2
"1605",0.000138599074128492,9.52236318520384,8.46732448404822,13,50,49,6.5,0,2
"1606",0.000138599074128492,9.52236318520384,8.46732448404822,13,50,49,13.5,0,2
"1607",0.000138599074128492,9.52236318520384,8.46732448404822,13,50,49,22.5,1,2
"1608",0.000138599074128492,9.52236318520384,8.46732448404822,13,50,49,19.5,1,2
"1609",0.000138599074128492,9.52236318520384,8.46732448404822,13,50,49,4.5,1,2
"1610",0.000138599074128492,9.52236318520384,8.46732448404822,13,50,49,-1.5,0,2
"1611",0.000138599074128492,9.52236318520384,8.46732448404822,13,50,49,18.5,1,2
"1612",0.000138599074128492,9.52236318520384,8.46732448404822,13,50,49,-1.5,0,2
"1613",0.000138599074128492,9.52236318520384,8.46732448404822,13,50,49,18.5,1,2
"1614",0.000138599074128492,9.52236318520384,8.46732448404822,13,50,49,-0.5,0,2
"1615",0.000138599074128492,9.52236318520384,8.46732448404822,13,50,49,17.5,1,2
"1616",0.000138599074128492,9.52236318520384,8.46732448404822,13,50,49,-0.5,0,2
"1617",0.000138599074128492,9.52236318520384,8.46732448404822,13,50,49,16.5,1,2
"1618",0.000138599074128492,9.52236318520384,8.46732448404822,13,50,49,1.5,0,2
"1619",0.000138599074128492,9.52236318520384,8.46732448404822,13,50,49,14.5,1,2
"1620",0.000138599074128492,9.52236318520384,8.46732448404822,13,50,49,2.5,0,2
"1621",0.000138599074128492,9.52236318520384,8.46732448404822,13,50,49,12.5,1,2
"1622",0.000138599074128492,9.52236318520384,8.46732448404822,13,50,49,8.5,1,2
"1623",0.000138599074128492,9.52236318520384,8.46732448404822,13,50,49,10.5,0,2
"1624",0.000138599074128492,9.52236318520384,8.46732448404822,13,50,49,1.5,0,2
"1625",0.000138599074128492,9.52236318520384,8.46732448404822,13,50,49,15.5,1,2
"1626",0.000138599074128492,9.52236318520384,8.46732448404822,13,50,49,2.5,0,2
"1627",0.000138599074128492,9.52236318520384,8.46732448404822,13,50,49,14.5,0,2
"1628",0.000138599074128492,9.52236318520384,8.46732448404822,13,50,49,18.5,0,2
"1629",0.000138599074128492,9.52236318520384,8.46732448404822,13,50,49,21.5,1,2
"1630",0.000138599074128492,9.52236318520384,8.46732448404822,13,50,49,21.5,0,2
"1631",0.000138599074128492,9.52236318520384,8.46732448404822,13,50,49,24.5,1,2
"1632",0.000138599074128492,9.52236318520384,8.46732448404822,13,50,49,24.5,1,2
"1633",0.000138599074128492,9.52236318520384,8.46732448404822,13,50,49,-0.5,0,2
"1634",0.000138599074128492,9.52236318520384,8.46732448404822,13,50,49,23.5,1,2
"1635",0.000138599074128492,9.52236318520384,8.46732448404822,13,50,49,-0.5,0,2
"1636",0.000138599074128492,9.52236318520384,8.46732448404822,13,50,49,23.5,1,2
"1637",0.000138599074128492,9.52236318520384,8.46732448404822,13,50,49,0.5,1,2
"1638",0.000138599074128492,9.52236318520384,8.46732448404822,13,50,49,-2.5,0,2
"1639",0.000138599074128492,9.52236318520384,8.46732448404822,13,50,49,-2.5,0,2
"1640",0.000138599074128492,9.52236318520384,8.46732448404822,13,50,49,23.5,1,2
"1641",0.000138599074128492,9.52236318520384,8.46732448404822,13,50,49,-1.5,0,2
"1642",0.000138599074128492,9.52236318520384,8.46732448404822,13,50,49,22.5,1,2
"1643",0.000138599074128492,9.52236318520384,8.46732448404822,13,50,49,-0.5,0,2
"1644",0.000138599074128492,9.52236318520384,8.46732448404822,13,50,49,22.5,1,2
"1645",0.000138599074128492,9.52236318520384,8.46732448404822,13,50,49,-0.5,0,2
"1646",0.000138599074128492,9.52236318520384,8.46732448404822,13,50,49,21.5,1,2
"1647",0.000138599074128492,9.52236318520384,8.46732448404822,13,50,49,0.5,0,2
"1648",0.000138599074128492,9.52236318520384,8.46732448404822,13,50,49,20.5,1,2
"1649",0.000138599074128492,9.52236318520384,8.46732448404822,13,50,49,1.5,0,2
"1650",0.000138599074128492,9.52236318520384,8.46732448404822,13,50,49,20.5,1,2
"1651",0.00861203376111327,-4.79293644650169,11.4189989067977,14,50,49,-0.5,1,2
"1652",0.00861203376111327,-4.79293644650169,11.4189989067977,14,50,49,-23.5,0,2
"1653",0.00861203376111327,-4.79293644650169,11.4189989067977,14,50,49,-11.5,0,2
"1654",0.00861203376111327,-4.79293644650169,11.4189989067977,14,50,49,0.5,1,2
"1655",0.00861203376111327,-4.79293644650169,11.4189989067977,14,50,49,-7.5,1,2
"1656",0.00861203376111327,-4.79293644650169,11.4189989067977,14,50,49,-14.5,0,2
"1657",0.00861203376111327,-4.79293644650169,11.4189989067977,14,50,49,-6.5,1,2
"1658",0.00861203376111327,-4.79293644650169,11.4189989067977,14,50,49,-13.5,0,2
"1659",0.00861203376111327,-4.79293644650169,11.4189989067977,14,50,49,-9.5,0,2
"1660",0.00861203376111327,-4.79293644650169,11.4189989067977,14,50,49,-5.5,0,2
"1661",0.00861203376111327,-4.79293644650169,11.4189989067977,14,50,49,1.5,1,2
"1662",0.00861203376111327,-4.79293644650169,11.4189989067977,14,50,49,0.5,1,2
"1663",0.00861203376111327,-4.79293644650169,11.4189989067977,14,50,49,-13.5,0,2
"1664",0.00861203376111327,-4.79293644650169,11.4189989067977,14,50,49,-1.5,0,2
"1665",0.00861203376111327,-4.79293644650169,11.4189989067977,14,50,49,4.5,1,2
"1666",0.00861203376111327,-4.79293644650169,11.4189989067977,14,50,49,3.5,1,2
"1667",0.00861203376111327,-4.79293644650169,11.4189989067977,14,50,49,-13.5,1,2
"1668",0.00861203376111327,-4.79293644650169,11.4189989067977,14,50,49,-18.5,0,2
"1669",0.00861203376111327,-4.79293644650169,11.4189989067977,14,50,49,-18.5,1,2
"1670",0.00861203376111327,-4.79293644650169,11.4189989067977,14,50,49,-22.5,0,2
"1671",0.00861203376111327,-4.79293644650169,11.4189989067977,14,50,49,-21.5,0,2
"1672",0.00861203376111327,-4.79293644650169,11.4189989067977,14,50,49,5.5,1,2
"1673",0.00861203376111327,-4.79293644650169,11.4189989067977,14,50,49,-21.5,0,2
"1674",0.00861203376111327,-4.79293644650169,11.4189989067977,14,50,49,4.5,0,2
"1675",0.00861203376111327,-4.79293644650169,11.4189989067977,14,50,49,8.5,0,2
"1676",0.00861203376111327,-4.79293644650169,11.4189989067977,14,50,49,10.5,1,2
"1677",0.00861203376111327,-4.79293644650169,11.4189989067977,14,50,49,10.5,0,2
"1678",0.00861203376111327,-4.79293644650169,11.4189989067977,14,50,49,12.5,1,2
"1679",0.00861203376111327,-4.79293644650169,11.4189989067977,14,50,49,12.5,1,2
"1680",0.00861203376111327,-4.79293644650169,11.4189989067977,14,50,49,12.5,0,2
"1681",0.00861203376111327,-4.79293644650169,11.4189989067977,14,50,49,13.5,1,2
"1682",0.00861203376111327,-4.79293644650169,11.4189989067977,14,50,49,13.5,1,2
"1683",0.00861203376111327,-4.79293644650169,11.4189989067977,14,50,49,-19.5,0,2
"1684",0.00861203376111327,-4.79293644650169,11.4189989067977,14,50,49,13.5,1,2
"1685",0.00861203376111327,-4.79293644650169,11.4189989067977,14,50,49,-19.5,0,2
"1686",0.00861203376111327,-4.79293644650169,11.4189989067977,14,50,49,14.5,0,2
"1687",0.00861203376111327,-4.79293644650169,11.4189989067977,14,50,49,15.5,1,2
"1688",0.00861203376111327,-4.79293644650169,11.4189989067977,14,50,49,15.5,1,2
"1689",0.00861203376111327,-4.79293644650169,11.4189989067977,14,50,49,-18.5,0,2
"1690",0.00861203376111327,-4.79293644650169,11.4189989067977,14,50,49,15.5,1,2
"1691",0.00861203376111327,-4.79293644650169,11.4189989067977,14,50,49,-19.5,0,2
"1692",0.00861203376111327,-4.79293644650169,11.4189989067977,14,50,49,15.5,1,2
"1693",0.00861203376111327,-4.79293644650169,11.4189989067977,14,50,49,-19.5,0,2
"1694",0.00861203376111327,-4.79293644650169,11.4189989067977,14,50,49,15.5,1,2
"1695",0.00861203376111327,-4.79293644650169,11.4189989067977,14,50,49,-19.5,0,2
"1696",0.00861203376111327,-4.79293644650169,11.4189989067977,14,50,49,-19.5,0,2
"1697",0.00861203376111327,-4.79293644650169,11.4189989067977,14,50,49,15.5,1,2
"1698",0.00861203376111327,-4.79293644650169,11.4189989067977,14,50,49,-19.5,0,2
"1699",0.00861203376111327,-4.79293644650169,11.4189989067977,14,50,49,15.5,1,2
"1700",0.00861203376111327,-4.79293644650169,11.4189989067977,14,50,49,-18.5,0,2
"1701",0.403554713581335,2.79352181875275,11.3254518408764,15,50,49,-0.5,1,2
"1702",0.403554713581335,2.79352181875275,11.3254518408764,15,50,49,-23.5,1,2
"1703",0.403554713581335,2.79352181875275,11.3254518408764,15,50,49,-34.5,0,2
"1704",0.403554713581335,2.79352181875275,11.3254518408764,15,50,49,-28.5,0,2
"1705",0.403554713581335,2.79352181875275,11.3254518408764,15,50,49,-19.5,0,2
"1706",0.403554713581335,2.79352181875275,11.3254518408764,15,50,49,-11.5,0,2
"1707",0.403554713581335,2.79352181875275,11.3254518408764,15,50,49,-5.5,1,2
"1708",0.403554713581335,2.79352181875275,11.3254518408764,15,50,49,-11.5,1,2
"1709",0.403554713581335,2.79352181875275,11.3254518408764,15,50,49,-23.5,0,2
"1710",0.403554713581335,2.79352181875275,11.3254518408764,15,50,49,-5.5,1,2
"1711",0.403554713581335,2.79352181875275,11.3254518408764,15,50,49,-25.5,1,2
"1712",0.403554713581335,2.79352181875275,11.3254518408764,15,50,49,-30.5,1,2
"1713",0.403554713581335,2.79352181875275,11.3254518408764,15,50,49,-34.5,1,2
"1714",0.403554713581335,2.79352181875275,11.3254518408764,15,50,49,-36.5,0,2
"1715",0.403554713581335,2.79352181875275,11.3254518408764,15,50,49,-36.5,0,2
"1716",0.403554713581335,2.79352181875275,11.3254518408764,15,50,49,-35.5,0,2
"1717",0.403554713581335,2.79352181875275,11.3254518408764,15,50,49,-11.5,0,2
"1718",0.403554713581335,2.79352181875275,11.3254518408764,15,50,49,-9.5,1,2
"1719",0.403554713581335,2.79352181875275,11.3254518408764,15,50,49,-9.5,1,2
"1720",0.403554713581335,2.79352181875275,11.3254518408764,15,50,49,-35.5,1,2
"1721",0.403554713581335,2.79352181875275,11.3254518408764,15,50,49,-37.5,0,2
"1722",0.403554713581335,2.79352181875275,11.3254518408764,15,50,49,-36.5,0,2
"1723",0.403554713581335,2.79352181875275,11.3254518408764,15,50,49,-9.5,0,2
"1724",0.403554713581335,2.79352181875275,11.3254518408764,15,50,49,-8.5,0,2
"1725",0.403554713581335,2.79352181875275,11.3254518408764,15,50,49,-7.5,0,2
"1726",0.403554713581335,2.79352181875275,11.3254518408764,15,50,49,-7.5,0,2
"1727",0.403554713581335,2.79352181875275,11.3254518408764,15,50,49,-6.5,0,2
"1728",0.403554713581335,2.79352181875275,11.3254518408764,15,50,49,-5.5,0,2
"1729",0.403554713581335,2.79352181875275,11.3254518408764,15,50,49,-4.5,1,2
"1730",0.403554713581335,2.79352181875275,11.3254518408764,15,50,49,-4.5,0,2
"1731",0.403554713581335,2.79352181875275,11.3254518408764,15,50,49,-3.5,1,2
"1732",0.403554713581335,2.79352181875275,11.3254518408764,15,50,49,-4.5,0,2
"1733",0.403554713581335,2.79352181875275,11.3254518408764,15,50,49,-3.5,0,2
"1734",0.403554713581335,2.79352181875275,11.3254518408764,15,50,49,-2.5,1,2
"1735",0.403554713581335,2.79352181875275,11.3254518408764,15,50,49,-3.5,1,2
"1736",0.403554713581335,2.79352181875275,11.3254518408764,15,50,49,-3.5,1,2
"1737",0.403554713581335,2.79352181875275,11.3254518408764,15,50,49,-4.5,1,2
"1738",0.403554713581335,2.79352181875275,11.3254518408764,15,50,49,-5.5,1,2
"1739",0.403554713581335,2.79352181875275,11.3254518408764,15,50,49,-6.5,1,2
"1740",0.403554713581335,2.79352181875275,11.3254518408764,15,50,49,-22.5,0,2
"1741",0.403554713581335,2.79352181875275,11.3254518408764,15,50,49,-3.5,0,2
"1742",0.403554713581335,2.79352181875275,11.3254518408764,15,50,49,-2.5,1,2
"1743",0.403554713581335,2.79352181875275,11.3254518408764,15,50,49,-2.5,0,2
"1744",0.403554713581335,2.79352181875275,11.3254518408764,15,50,49,-2.5,1,2
"1745",0.403554713581335,2.79352181875275,11.3254518408764,15,50,49,-2.5,0,2
"1746",0.403554713581335,2.79352181875275,11.3254518408764,15,50,49,-2.5,1,2
"1747",0.403554713581335,2.79352181875275,11.3254518408764,15,50,49,-2.5,0,2
"1748",0.403554713581335,2.79352181875275,11.3254518408764,15,50,49,-2.5,1,2
"1749",0.403554713581335,2.79352181875275,11.3254518408764,15,50,49,-20.5,0,2
"1750",0.403554713581335,2.79352181875275,11.3254518408764,15,50,49,0.5,0,2
"1751",1.25172129210208e-05,2.93850443459528,9.69174938611655,16,50,49,-0.5,0,2
"1752",1.25172129210208e-05,2.93850443459528,9.69174938611655,16,50,49,22.5,1,2
"1753",1.25172129210208e-05,2.93850443459528,9.69174938611655,16,50,49,10.5,1,2
"1754",1.25172129210208e-05,2.93850443459528,9.69174938611655,16,50,49,-1.5,0,2
"1755",1.25172129210208e-05,2.93850443459528,9.69174938611655,16,50,49,6.5,1,2
"1756",1.25172129210208e-05,2.93850443459528,9.69174938611655,16,50,49,2.5,0,2
"1757",1.25172129210208e-05,2.93850443459528,9.69174938611655,16,50,49,8.5,1,2
"1758",1.25172129210208e-05,2.93850443459528,9.69174938611655,16,50,49,0.5,0,2
"1759",1.25172129210208e-05,2.93850443459528,9.69174938611655,16,50,49,4.5,1,2
"1760",1.25172129210208e-05,2.93850443459528,9.69174938611655,16,50,49,0.5,1,2
"1761",1.25172129210208e-05,2.93850443459528,9.69174938611655,16,50,49,-5.5,0,2
"1762",1.25172129210208e-05,2.93850443459528,9.69174938611655,16,50,49,-4.5,0,2
"1763",1.25172129210208e-05,2.93850443459528,9.69174938611655,16,50,49,8.5,1,2
"1764",1.25172129210208e-05,2.93850443459528,9.69174938611655,16,50,49,-3.5,1,2
"1765",1.25172129210208e-05,2.93850443459528,9.69174938611655,16,50,49,-8.5,1,2
"1766",1.25172129210208e-05,2.93850443459528,9.69174938611655,16,50,49,-13.5,1,2
"1767",1.25172129210208e-05,2.93850443459528,9.69174938611655,16,50,49,-17.5,0,2
"1768",1.25172129210208e-05,2.93850443459528,9.69174938611655,16,50,49,-17.5,0,2
"1769",1.25172129210208e-05,2.93850443459528,9.69174938611655,16,50,49,-16.5,0,2
"1770",1.25172129210208e-05,2.93850443459528,9.69174938611655,16,50,49,-16.5,0,2
"1771",1.25172129210208e-05,2.93850443459528,9.69174938611655,16,50,49,11.5,1,2
"1772",1.25172129210208e-05,2.93850443459528,9.69174938611655,16,50,49,-16.5,0,2
"1773",1.25172129210208e-05,2.93850443459528,9.69174938611655,16,50,49,11.5,1,2
"1774",1.25172129210208e-05,2.93850443459528,9.69174938611655,16,50,49,-16.5,0,2
"1775",1.25172129210208e-05,2.93850443459528,9.69174938611655,16,50,49,11.5,1,2
"1776",1.25172129210208e-05,2.93850443459528,9.69174938611655,16,50,49,-15.5,0,2
"1777",1.25172129210208e-05,2.93850443459528,9.69174938611655,16,50,49,-15.5,0,2
"1778",1.25172129210208e-05,2.93850443459528,9.69174938611655,16,50,49,10.5,0,2
"1779",1.25172129210208e-05,2.93850443459528,9.69174938611655,16,50,49,14.5,1,2
"1780",1.25172129210208e-05,2.93850443459528,9.69174938611655,16,50,49,13.5,0,2
"1781",1.25172129210208e-05,2.93850443459528,9.69174938611655,16,50,49,16.5,0,2
"1782",1.25172129210208e-05,2.93850443459528,9.69174938611655,16,50,49,18.5,1,2
"1783",1.25172129210208e-05,2.93850443459528,9.69174938611655,16,50,49,18.5,1,2
"1784",1.25172129210208e-05,2.93850443459528,9.69174938611655,16,50,49,18.5,0,2
"1785",1.25172129210208e-05,2.93850443459528,9.69174938611655,16,50,49,19.5,1,2
"1786",1.25172129210208e-05,2.93850443459528,9.69174938611655,16,50,49,19.5,1,2
"1787",1.25172129210208e-05,2.93850443459528,9.69174938611655,16,50,49,-14.5,0,2
"1788",1.25172129210208e-05,2.93850443459528,9.69174938611655,16,50,49,-13.5,0,2
"1789",1.25172129210208e-05,2.93850443459528,9.69174938611655,16,50,49,20.5,1,2
"1790",1.25172129210208e-05,2.93850443459528,9.69174938611655,16,50,49,-14.5,0,2
"1791",1.25172129210208e-05,2.93850443459528,9.69174938611655,16,50,49,20.5,1,2
"1792",1.25172129210208e-05,2.93850443459528,9.69174938611655,16,50,49,-14.5,0,2
"1793",1.25172129210208e-05,2.93850443459528,9.69174938611655,16,50,49,20.5,1,2
"1794",1.25172129210208e-05,2.93850443459528,9.69174938611655,16,50,49,-13.5,0,2
"1795",1.25172129210208e-05,2.93850443459528,9.69174938611655,16,50,49,20.5,1,2
"1796",1.25172129210208e-05,2.93850443459528,9.69174938611655,16,50,49,-13.5,0,2
"1797",1.25172129210208e-05,2.93850443459528,9.69174938611655,16,50,49,19.5,1,2
"1798",1.25172129210208e-05,2.93850443459528,9.69174938611655,16,50,49,-13.5,0,2
"1799",1.25172129210208e-05,2.93850443459528,9.69174938611655,16,50,49,19.5,1,2
"1800",1.25172129210208e-05,2.93850443459528,9.69174938611655,16,50,49,-12.5,0,2
"1801",0.00419584173295239,8.37049293371467,10.6794872546407,17,50,49,-0.5,0,2
"1802",0.00419584173295239,8.37049293371467,10.6794872546407,17,50,49,22.5,1,2
"1803",0.00419584173295239,8.37049293371467,10.6794872546407,17,50,49,10.5,0,2
"1804",0.00419584173295239,8.37049293371467,10.6794872546407,17,50,49,18.5,1,2
"1805",0.00419584173295239,8.37049293371467,10.6794872546407,17,50,49,13.5,1,2
"1806",0.00419584173295239,8.37049293371467,10.6794872546407,17,50,49,5.5,1,2
"1807",0.00419584173295239,8.37049293371467,10.6794872546407,17,50,49,-3.5,0,2
"1808",0.00419584173295239,8.37049293371467,10.6794872546407,17,50,49,-1.5,1,2
"1809",0.00419584173295239,8.37049293371467,10.6794872546407,17,50,49,-7.5,0,2
"1810",0.00419584173295239,8.37049293371467,10.6794872546407,17,50,49,-6.5,0,2
"1811",0.00419584173295239,8.37049293371467,10.6794872546407,17,50,49,13.5,1,2
"1812",0.00419584173295239,8.37049293371467,10.6794872546407,17,50,49,-6.5,0,2
"1813",0.00419584173295239,8.37049293371467,10.6794872546407,17,50,49,13.5,1,2
"1814",0.00419584173295239,8.37049293371467,10.6794872546407,17,50,49,-6.5,0,2
"1815",0.00419584173295239,8.37049293371467,10.6794872546407,17,50,49,12.5,0,2
"1816",0.00419584173295239,8.37049293371467,10.6794872546407,17,50,49,18.5,1,2
"1817",0.00419584173295239,8.37049293371467,10.6794872546407,17,50,49,-5.5,0,2
"1818",0.00419584173295239,8.37049293371467,10.6794872546407,17,50,49,18.5,1,2
"1819",0.00419584173295239,8.37049293371467,10.6794872546407,17,50,49,-4.5,0,2
"1820",0.00419584173295239,8.37049293371467,10.6794872546407,17,50,49,17.5,1,2
"1821",0.00419584173295239,8.37049293371467,10.6794872546407,17,50,49,-3.5,0,2
"1822",0.00419584173295239,8.37049293371467,10.6794872546407,17,50,49,16.5,1,2
"1823",0.00419584173295239,8.37049293371467,10.6794872546407,17,50,49,-2.5,0,2
"1824",0.00419584173295239,8.37049293371467,10.6794872546407,17,50,49,16.5,0,2
"1825",0.00419584173295239,8.37049293371467,10.6794872546407,17,50,49,20.5,1,2
"1826",0.00419584173295239,8.37049293371467,10.6794872546407,17,50,49,-3.5,0,2
"1827",0.00419584173295239,8.37049293371467,10.6794872546407,17,50,49,19.5,1,2
"1828",0.00419584173295239,8.37049293371467,10.6794872546407,17,50,49,-2.5,0,2
"1829",0.00419584173295239,8.37049293371467,10.6794872546407,17,50,49,19.5,1,2
"1830",0.00419584173295239,8.37049293371467,10.6794872546407,17,50,49,-1.5,0,2
"1831",0.00419584173295239,8.37049293371467,10.6794872546407,17,50,49,18.5,1,2
"1832",0.00419584173295239,8.37049293371467,10.6794872546407,17,50,49,0.5,1,2
"1833",0.00419584173295239,8.37049293371467,10.6794872546407,17,50,49,-4.5,0,2
"1834",0.00419584173295239,8.37049293371467,10.6794872546407,17,50,49,17.5,1,2
"1835",0.00419584173295239,8.37049293371467,10.6794872546407,17,50,49,-3.5,0,2
"1836",0.00419584173295239,8.37049293371467,10.6794872546407,17,50,49,16.5,1,2
"1837",0.00419584173295239,8.37049293371467,10.6794872546407,17,50,49,16.5,1,2
"1838",0.00419584173295239,8.37049293371467,10.6794872546407,17,50,49,-2.5,0,2
"1839",0.00419584173295239,8.37049293371467,10.6794872546407,17,50,49,15.5,1,2
"1840",0.00419584173295239,8.37049293371467,10.6794872546407,17,50,49,-0.5,0,2
"1841",0.00419584173295239,8.37049293371467,10.6794872546407,17,50,49,14.5,1,2
"1842",0.00419584173295239,8.37049293371467,10.6794872546407,17,50,49,0.5,0,2
"1843",0.00419584173295239,8.37049293371467,10.6794872546407,17,50,49,0.5,0,2
"1844",0.00419584173295239,8.37049293371467,10.6794872546407,17,50,49,14.5,1,2
"1845",0.00419584173295239,8.37049293371467,10.6794872546407,17,50,49,0.5,0,2
"1846",0.00419584173295239,8.37049293371467,10.6794872546407,17,50,49,13.5,1,2
"1847",0.00419584173295239,8.37049293371467,10.6794872546407,17,50,49,1.5,0,2
"1848",0.00419584173295239,8.37049293371467,10.6794872546407,17,50,49,12.5,1,2
"1849",0.00419584173295239,8.37049293371467,10.6794872546407,17,50,49,1.5,0,2
"1850",0.00419584173295239,8.37049293371467,10.6794872546407,17,50,49,11.5,0,2
"1851",0.00201974465192515,-6.61656193990963,11.3451473118261,18,50,49,-0.5,1,2
"1852",0.00201974465192515,-6.61656193990963,11.3451473118261,18,50,49,-23.5,0,2
"1853",0.00201974465192515,-6.61656193990963,11.3451473118261,18,50,49,-11.5,0,2
"1854",0.00201974465192515,-6.61656193990963,11.3451473118261,18,50,49,0.5,1,2
"1855",0.00201974465192515,-6.61656193990963,11.3451473118261,18,50,49,-7.5,0,2
"1856",0.00201974465192515,-6.61656193990963,11.3451473118261,18,50,49,-3.5,1,2
"1857",0.00201974465192515,-6.61656193990963,11.3451473118261,18,50,49,-9.5,1,2
"1858",0.00201974465192515,-6.61656193990963,11.3451473118261,18,50,49,-16.5,0,2
"1859",0.00201974465192515,-6.61656193990963,11.3451473118261,18,50,49,-15.5,1,2
"1860",0.00201974465192515,-6.61656193990963,11.3451473118261,18,50,49,-21.5,0,2
"1861",0.00201974465192515,-6.61656193990963,11.3451473118261,18,50,49,-21.5,0,2
"1862",0.00201974465192515,-6.61656193990963,11.3451473118261,18,50,49,-0.5,1,2
"1863",0.00201974465192515,-6.61656193990963,11.3451473118261,18,50,49,-20.5,0,2
"1864",0.00201974465192515,-6.61656193990963,11.3451473118261,18,50,49,-0.5,1,2
"1865",0.00201974465192515,-6.61656193990963,11.3451473118261,18,50,49,-19.5,0,2
"1866",0.00201974465192515,-6.61656193990963,11.3451473118261,18,50,49,-1.5,1,2
"1867",0.00201974465192515,-6.61656193990963,11.3451473118261,18,50,49,-18.5,0,2
"1868",0.00201974465192515,-6.61656193990963,11.3451473118261,18,50,49,-2.5,1,2
"1869",0.00201974465192515,-6.61656193990963,11.3451473118261,18,50,49,-17.5,0,2
"1870",0.00201974465192515,-6.61656193990963,11.3451473118261,18,50,49,-4.5,0,2
"1871",0.00201974465192515,-6.61656193990963,11.3451473118261,18,50,49,0.5,1,2
"1872",0.00201974465192515,-6.61656193990963,11.3451473118261,18,50,49,-0.5,1,2
"1873",0.00201974465192515,-6.61656193990963,11.3451473118261,18,50,49,-16.5,0,2
"1874",0.00201974465192515,-6.61656193990963,11.3451473118261,18,50,49,-15.5,0,2
"1875",0.00201974465192515,-6.61656193990963,11.3451473118261,18,50,49,-1.5,1,2
"1876",0.00201974465192515,-6.61656193990963,11.3451473118261,18,50,49,-13.5,0,2
"1877",0.00201974465192515,-6.61656193990963,11.3451473118261,18,50,49,-12.5,0,2
"1878",0.00201974465192515,-6.61656193990963,11.3451473118261,18,50,49,-5.5,1,2
"1879",0.00201974465192515,-6.61656193990963,11.3451473118261,18,50,49,-12.5,0,2
"1880",0.00201974465192515,-6.61656193990963,11.3451473118261,18,50,49,-12.5,1,2
"1881",0.00201974465192515,-6.61656193990963,11.3451473118261,18,50,49,-2.5,0,2
"1882",0.00201974465192515,-6.61656193990963,11.3451473118261,18,50,49,1.5,1,2
"1883",0.00201974465192515,-6.61656193990963,11.3451473118261,18,50,49,0.5,0,2
"1884",0.00201974465192515,-6.61656193990963,11.3451473118261,18,50,49,3.5,1,2
"1885",0.00201974465192515,-6.61656193990963,11.3451473118261,18,50,49,3.5,0,2
"1886",0.00201974465192515,-6.61656193990963,11.3451473118261,18,50,49,6.5,1,2
"1887",0.00201974465192515,-6.61656193990963,11.3451473118261,18,50,49,6.5,1,2
"1888",0.00201974465192515,-6.61656193990963,11.3451473118261,18,50,49,5.5,1,2
"1889",0.00201974465192515,-6.61656193990963,11.3451473118261,18,50,49,-19.5,0,2
"1890",0.00201974465192515,-6.61656193990963,11.3451473118261,18,50,49,-18.5,0,2
"1891",0.00201974465192515,-6.61656193990963,11.3451473118261,18,50,49,4.5,1,2
"1892",0.00201974465192515,-6.61656193990963,11.3451473118261,18,50,49,-18.5,1,2
"1893",0.00201974465192515,-6.61656193990963,11.3451473118261,18,50,49,-21.5,0,2
"1894",0.00201974465192515,-6.61656193990963,11.3451473118261,18,50,49,5.5,1,2
"1895",0.00201974465192515,-6.61656193990963,11.3451473118261,18,50,49,-20.5,0,2
"1896",0.00201974465192515,-6.61656193990963,11.3451473118261,18,50,49,4.5,1,2
"1897",0.00201974465192515,-6.61656193990963,11.3451473118261,18,50,49,-19.5,0,2
"1898",0.00201974465192515,-6.61656193990963,11.3451473118261,18,50,49,4.5,1,2
"1899",0.00201974465192515,-6.61656193990963,11.3451473118261,18,50,49,-19.5,0,2
"1900",0.00201974465192515,-6.61656193990963,11.3451473118261,18,50,49,3.5,1,2
"1901",4.60181657150558e-07,-2.21774531984342,7.47010532801795,19,50,49,-0.5,1,2
"1902",4.60181657150558e-07,-2.21774531984342,7.47010532801795,19,50,49,-23.5,0,2
"1903",4.60181657150558e-07,-2.21774531984342,7.47010532801795,19,50,49,-11.5,0,2
"1904",4.60181657150558e-07,-2.21774531984342,7.47010532801795,19,50,49,0.5,0,2
"1905",4.60181657150558e-07,-2.21774531984342,7.47010532801795,19,50,49,12.5,1,2
"1906",4.60181657150558e-07,-2.21774531984342,7.47010532801795,19,50,49,6.5,0,2
"1907",4.60181657150558e-07,-2.21774531984342,7.47010532801795,19,50,49,14.5,1,2
"1908",4.60181657150558e-07,-2.21774531984342,7.47010532801795,19,50,49,10.5,1,2
"1909",4.60181657150558e-07,-2.21774531984342,7.47010532801795,19,50,49,-5.5,0,2
"1910",4.60181657150558e-07,-2.21774531984342,7.47010532801795,19,50,49,13.5,1,2
"1911",4.60181657150558e-07,-2.21774531984342,7.47010532801795,19,50,49,-4.5,1,2
"1912",4.60181657150558e-07,-2.21774531984342,7.47010532801795,19,50,49,-10.5,0,2
"1913",4.60181657150558e-07,-2.21774531984342,7.47010532801795,19,50,49,-10.5,0,2
"1914",4.60181657150558e-07,-2.21774531984342,7.47010532801795,19,50,49,11.5,1,2
"1915",4.60181657150558e-07,-2.21774531984342,7.47010532801795,19,50,49,-9.5,0,2
"1916",4.60181657150558e-07,-2.21774531984342,7.47010532801795,19,50,49,11.5,0,2
"1917",4.60181657150558e-07,-2.21774531984342,7.47010532801795,19,50,49,16.5,1,2
"1918",4.60181657150558e-07,-2.21774531984342,7.47010532801795,19,50,49,15.5,1,2
"1919",4.60181657150558e-07,-2.21774531984342,7.47010532801795,19,50,49,-9.5,0,2
"1920",4.60181657150558e-07,-2.21774531984342,7.47010532801795,19,50,49,15.5,1,2
"1921",4.60181657150558e-07,-2.21774531984342,7.47010532801795,19,50,49,-8.5,0,2
"1922",4.60181657150558e-07,-2.21774531984342,7.47010532801795,19,50,49,14.5,1,2
"1923",4.60181657150558e-07,-2.21774531984342,7.47010532801795,19,50,49,-7.5,0,2
"1924",4.60181657150558e-07,-2.21774531984342,7.47010532801795,19,50,49,-7.5,0,2
"1925",4.60181657150558e-07,-2.21774531984342,7.47010532801795,19,50,49,14.5,1,2
"1926",4.60181657150558e-07,-2.21774531984342,7.47010532801795,19,50,49,-6.5,1,2
"1927",4.60181657150558e-07,-2.21774531984342,7.47010532801795,19,50,49,13.5,1,2
"1928",4.60181657150558e-07,-2.21774531984342,7.47010532801795,19,50,49,-10.5,1,2
"1929",4.60181657150558e-07,-2.21774531984342,7.47010532801795,19,50,49,-14.5,1,2
"1930",4.60181657150558e-07,-2.21774531984342,7.47010532801795,19,50,49,-17.5,0,2
"1931",4.60181657150558e-07,-2.21774531984342,7.47010532801795,19,50,49,-16.5,0,2
"1932",4.60181657150558e-07,-2.21774531984342,7.47010532801795,19,50,49,-16.5,0,2
"1933",4.60181657150558e-07,-2.21774531984342,7.47010532801795,19,50,49,13.5,1,2
"1934",4.60181657150558e-07,-2.21774531984342,7.47010532801795,19,50,49,-16.5,0,2
"1935",4.60181657150558e-07,-2.21774531984342,7.47010532801795,19,50,49,13.5,1,2
"1936",4.60181657150558e-07,-2.21774531984342,7.47010532801795,19,50,49,-15.5,0,2
"1937",4.60181657150558e-07,-2.21774531984342,7.47010532801795,19,50,49,12.5,1,2
"1938",4.60181657150558e-07,-2.21774531984342,7.47010532801795,19,50,49,12.5,1,2
"1939",4.60181657150558e-07,-2.21774531984342,7.47010532801795,19,50,49,-15.5,0,2
"1940",4.60181657150558e-07,-2.21774531984342,7.47010532801795,19,50,49,11.5,1,2
"1941",4.60181657150558e-07,-2.21774531984342,7.47010532801795,19,50,49,-14.5,0,2
"1942",4.60181657150558e-07,-2.21774531984342,7.47010532801795,19,50,49,11.5,1,2
"1943",4.60181657150558e-07,-2.21774531984342,7.47010532801795,19,50,49,-14.5,0,2
"1944",4.60181657150558e-07,-2.21774531984342,7.47010532801795,19,50,49,10.5,1,2
"1945",4.60181657150558e-07,-2.21774531984342,7.47010532801795,19,50,49,-13.5,0,2
"1946",4.60181657150558e-07,-2.21774531984342,7.47010532801795,19,50,49,9.5,1,2
"1947",4.60181657150558e-07,-2.21774531984342,7.47010532801795,19,50,49,9.5,1,2
"1948",4.60181657150558e-07,-2.21774531984342,7.47010532801795,19,50,49,-12.5,1,2
"1949",4.60181657150558e-07,-2.21774531984342,7.47010532801795,19,50,49,-15.5,0,2
"1950",4.60181657150558e-07,-2.21774531984342,7.47010532801795,19,50,49,9.5,1,2
"1951",0.000306738308122045,5.74879707428641,10.0001976387303,20,50,49,-0.5,0,2
"1952",0.000306738308122045,5.74879707428641,10.0001976387303,20,50,49,22.5,1,2
"1953",0.000306738308122045,5.74879707428641,10.0001976387303,20,50,49,10.5,0,2
"1954",0.000306738308122045,5.74879707428641,10.0001976387303,20,50,49,18.5,1,2
"1955",0.000306738308122045,5.74879707428641,10.0001976387303,20,50,49,13.5,1,2
"1956",0.000306738308122045,5.74879707428641,10.0001976387303,20,50,49,5.5,1,2
"1957",0.000306738308122045,5.74879707428641,10.0001976387303,20,50,49,-3.5,0,2
"1958",0.000306738308122045,5.74879707428641,10.0001976387303,20,50,49,-1.5,0,2
"1959",0.000306738308122045,5.74879707428641,10.0001976387303,20,50,49,15.5,0,2
"1960",0.000306738308122045,5.74879707428641,10.0001976387303,20,50,49,21.5,1,2
"1961",0.000306738308122045,5.74879707428641,10.0001976387303,20,50,49,0.5,0,2
"1962",0.000306738308122045,5.74879707428641,10.0001976387303,20,50,49,21.5,1,2
"1963",0.000306738308122045,5.74879707428641,10.0001976387303,20,50,49,0.5,0,2
"1964",0.000306738308122045,5.74879707428641,10.0001976387303,20,50,49,21.5,1,2
"1965",0.000306738308122045,5.74879707428641,10.0001976387303,20,50,49,1.5,0,2
"1966",0.000306738308122045,5.74879707428641,10.0001976387303,20,50,49,20.5,1,2
"1967",0.000306738308122045,5.74879707428641,10.0001976387303,20,50,49,3.5,1,2
"1968",0.000306738308122045,5.74879707428641,10.0001976387303,20,50,49,-2.5,1,2
"1969",0.000306738308122045,5.74879707428641,10.0001976387303,20,50,49,-6.5,0,2
"1970",0.000306738308122045,5.74879707428641,10.0001976387303,20,50,49,-6.5,0,2
"1971",0.000306738308122045,5.74879707428641,10.0001976387303,20,50,49,20.5,1,2
"1972",0.000306738308122045,5.74879707428641,10.0001976387303,20,50,49,-5.5,0,2
"1973",0.000306738308122045,5.74879707428641,10.0001976387303,20,50,49,19.5,0,2
"1974",0.000306738308122045,5.74879707428641,10.0001976387303,20,50,49,23.5,1,2
"1975",0.000306738308122045,5.74879707428641,10.0001976387303,20,50,49,22.5,1,2
"1976",0.000306738308122045,5.74879707428641,10.0001976387303,20,50,49,-5.5,0,2
"1977",0.000306738308122045,5.74879707428641,10.0001976387303,20,50,49,22.5,1,2
"1978",0.000306738308122045,5.74879707428641,10.0001976387303,20,50,49,-4.5,0,2
"1979",0.000306738308122045,5.74879707428641,10.0001976387303,20,50,49,22.5,1,2
"1980",0.000306738308122045,5.74879707428641,10.0001976387303,20,50,49,-4.5,0,2
"1981",0.000306738308122045,5.74879707428641,10.0001976387303,20,50,49,21.5,1,2
"1982",0.000306738308122045,5.74879707428641,10.0001976387303,20,50,49,-3.5,0,2
"1983",0.000306738308122045,5.74879707428641,10.0001976387303,20,50,49,20.5,1,2
"1984",0.000306738308122045,5.74879707428641,10.0001976387303,20,50,49,-2.5,0,2
"1985",0.000306738308122045,5.74879707428641,10.0001976387303,20,50,49,19.5,1,2
"1986",0.000306738308122045,5.74879707428641,10.0001976387303,20,50,49,-1.5,0,2
"1987",0.000306738308122045,5.74879707428641,10.0001976387303,20,50,49,19.5,1,2
"1988",0.000306738308122045,5.74879707428641,10.0001976387303,20,50,49,-1.5,1,2
"1989",0.000306738308122045,5.74879707428641,10.0001976387303,20,50,49,-4.5,0,2
"1990",0.000306738308122045,5.74879707428641,10.0001976387303,20,50,49,19.5,1,2
"1991",0.000306738308122045,5.74879707428641,10.0001976387303,20,50,49,-4.5,0,2
"1992",0.000306738308122045,5.74879707428641,10.0001976387303,20,50,49,18.5,1,2
"1993",0.000306738308122045,5.74879707428641,10.0001976387303,20,50,49,17.5,1,2
"1994",0.000306738308122045,5.74879707428641,10.0001976387303,20,50,49,-3.5,0,2
"1995",0.000306738308122045,5.74879707428641,10.0001976387303,20,50,49,16.5,1,2
"1996",0.000306738308122045,5.74879707428641,10.0001976387303,20,50,49,-2.5,1,2
"1997",0.000306738308122045,5.74879707428641,10.0001976387303,20,50,49,-5.5,0,2
"1998",0.000306738308122045,5.74879707428641,10.0001976387303,20,50,49,17.5,1,2
"1999",0.000306738308122045,5.74879707428641,10.0001976387303,20,50,49,16.5,1,2
"2000",0.000306738308122045,5.74879707428641,10.0001976387303,20,50,49,-4.5,0,2
